500 5
1 1 -21.20308634652333
1 2 -9.49180268272515
1 3 16.130764989908776
1 4 22.641799747575334
1 5 -0.6056733547411429
2 1 38.560961722319085
2 2 -6.5259340570778
2 3 22.686155692512646
2 4 0.18027133489330813
2 5 -56.253717429861084
3 1 -7.997973721139988
3 2 -16.622122411239527
3 3 -17.75381146918867
3 4 8.562671393213995
3 5 30.03096572035953
4 1 -29.021917558518968
4 2 10.666165950527173
4 3 31.535383676887815
4 4 -36.17391495663874
4 5 46.19783721864711
5 1 17.31849971258037
5 2 39.97696364903619
5 3 -55.536197799686
5 4 -2.6537988947268856
5 5 -18.49134262222312
1 6 0.008737018279467755
2 7 0.2506148848410656
3 8 0.21275855583924344
4 9 0.26254408039574273
5 10 0.17463007997480645
6 6 19.53510796511736
6 7 -35.35801539833439
6 8 -9.126891205176669
6 9 5.701880625224082
6 10 6.6404901760535955
7 6 -7.2593702011315155
7 7 17.8881153244409
7 8 -50.02232983792879
7 9 4.821769468345283
7 10 35.44398768064441
8 6 -22.428385307924042
8 7 14.32435696919771
8 8 25.742059024954635
8 9 41.52623299126594
8 10 -27.302210781178964
9 6 10.46049706313378
9 7 25.47615143190243
9 8 2.3982682628777767
9 9 -27.365029407861993
9 10 -9.538825553806726
10 6 8.365972342151688
10 7 -70.71285469483824
10 8 24.858067580211554
10 9 -34.57852666516252
10 10 24.53703145791359
6 11 0.23854047309397208
7 12 0.05012305709722344
8 13 0.12675511057798988
9 14 0.035771971656368494
10 15 0.27304722547331584
6 5 0.14038815443804625
7 5 0.10533943220449804
8 5 0.15840120357076073
9 5 0.1654506871952837
10 5 0.12464240696436002
11 11 45.474390317277596
11 12 0.8375533337942433
11 13 -33.41400170642505
11 14 -41.95905362303985
11 15 36.65964023920363
12 11 -27.430602354532983
12 12 29.549161816363814
12 13 5.58120139582395
12 14 7.362640657362924
12 15 -8.681870577890473
13 11 -14.194149450170357
13 12 -36.11020268096318
13 13 49.725812918735144
13 14 -21.12866003760785
13 15 16.300633846632007
14 11 13.99230450739317
14 12 -10.138450854455314
14 13 6.219942554656839
14 14 22.450333191809133
14 15 -37.234733801600456
15 11 -37.95137265785233
15 12 16.183975337871153
15 13 -15.01185075401315
15 14 43.631630867361004
15 15 -7.192244445845358
11 16 0.29614350902799785
12 17 0.19803742693086648
13 18 0.13402505796776745
14 19 0.23448614337164828
15 20 0.03375596990047658
11 10 0.1305033683649168
12 10 0.03550081129503877
13 10 0.009412677852139529
14 10 0.17603034978846965
15 10 0.13571088072804613
16 16 -46.67480285874038
16 17 4.89596849544975
16 18 34.15755264405999
16 19 23.313392894465828
16 20 -3.08839765830642
17 16 13.997373799788441
17 17 0.9479204390200352
17 18 20.733297023201388
17 19 -5.001227605486273
17 20 -15.176000740610927
18 16 -10.493398474809197
18 17 45.67455934769577
18 18 -55.105788597519236
18 19 18.275973946801475
18 20 -27.84350273825779
19 16 38.87679510895057
19 17 -30.605930877888095
19 18 -5.685159353669267
19 19 5.084923789796394
19 20 0.22998913076207958
20 16 -19.245555015912487
20 17 -10.816999060866445
20 18 29.51228715635865
20 19 -40.797888079555506
20 20 46.91653948173103
16 21 0.03315517023529944
17 22 0.02569137508134802
18 23 0.047391889087476886
19 24 0.01719191535534823
20 25 0.24478137020427604
16 15 0.04622132627216573
17 15 0.05650942506894327
18 15 0.18182332687788766
19 15 0.10969370152422184
20 15 0.2364841102355395
21 21 -38.302138634677235
21 22 -28.91919296870754
21 23 17.096614693190087
21 24 -10.716159144308516
21 25 58.58288287064185
22 21 10.84847544291928
22 22 -24.622686005834176
22 23 26.15652852361134
22 24 -2.356649136683435
22 25 -20.975789164045665
23 21 -14.442989396175047
23 22 7.703860641624195
23 23 -23.363839472119484
23 24 33.68953304005215
23 25 22.864058478878533
24 21 -13.010428483765605
24 22 46.68341360739219
24 23 -1.7095175314167153
24 24 29.633084017741073
24 25 -47.81706092898703
25 21 40.211102366549405
25 22 2.8875411253960817
25 23 -17.018402463008925
25 24 -30.43504646333363
25 25 -7.201851564110562
21 26 0.26247311573260595
22 27 0.2608013168693574
23 28 0.29212395159183663
24 29 0.22391394595068678
25 30 0.25197617306958947
21 20 0.24167285434444796
22 20 0.07589298732670677
23 20 0.2776222160585798
24 20 0.285622083646012
25 20 0.15197860613797823
26 26 3.7073733687785766
26 27 -19.021562532150174
26 28 -35.5226150477071
26 29 13.59366927715416
26 30 38.96740082720981
27 26 -16.070856553534863
27 27 -17.287608179780626
27 28 18.098839582505622
27 29 -27.268559103242943
27 30 27.72387262104143
28 26 -26.688053243002607
28 27 68.47298533891087
28 28 22.521519657429334
28 29 -16.81954102207316
28 30 -21.404311489001433
29 26 49.201973632388
29 27 -5.0339143004985925
29 28 -36.38901927518342
29 29 17.380586427310256
29 30 -18.251737211464135
30 26 -0.5151813488059226
30 27 -8.987759228864839
30 28 20.353781087984547
30 29 19.940395492375607
30 30 -34.522018307792706
26 31 0.11933859780429949
27 32 0.15345448033093806
28 33 0.09876905525472697
29 34 0.1448945730834824
30 35 0.2648602609663442
26 25 0.21042289607516276
27 25 0.20948702628322574
28 25 0.03175836662331446
29 25 0.1287337801059069
30 25 0.252102484669237
31 31 57.82441827698696
31 32 7.648451990189223
31 33 -4.11273638271145
31 34 -46.9550014925501
31 35 -20.425871879252025
32 31 -27.8866636577924
32 32 2.8963443187832048
32 33 -9.27624394200271
32 34 -11.291079393628278
32 35 54.783970474832664
33 31 -37.741850365613956
33 32 -1.4468841427479353
33 33 25.302241130603985
33 34 -4.553701130069145
33 35 22.294492053509206
34 31 -26.219440801733512
34 32 29.135186217555567
34 33 -24.395558825702015
34 34 32.53267935141106
34 35 -5.947625493266242
35 31 -7.097832270423104
35 32 -25.922086193551245
35 33 9.963925763753819
35 34 42.568338943624475
35 35 -19.78690728339988
31 36 0.1433081570461656
32 37 0.005157273463045353
33 38 0.12492552065237833
34 39 0.05295606045980803
35 40 0.18781331250485597
31 30 0.06476483201450678
32 30 0.2311041389186388
33 30 0.03982755686106471
34 30 0.24196904199394537
35 30 0.0002161313615629101
36 36 -3.4983927627549156
36 37 -24.890389419180956
36 38 -31.402069107560443
36 39 30.272285050531647
36 40 47.77334425678957
37 36 4.789349773775813
37 37 -16.082739715199516
37 38 18.68109198976409
37 39 12.864071986181841
37 40 -45.83754205015643
38 36 -11.364098297102494
38 37 56.574475564538766
38 38 -2.9013331616605216
38 39 -20.528256856396396
38 40 -17.954280391397162
39 36 18.283924777309586
39 37 33.65364479082753
39 38 -11.616267101517344
39 39 -32.87310719183328
39 40 2.281275464260614
40 36 -3.9664459490830706
40 37 -23.12207810148968
40 38 20.09335950887876
40 39 -21.9395880922747
40 40 54.38813396545989
36 41 0.2551190693647551
37 42 0.05525747898616116
38 43 0.18088809851010385
39 44 0.2244918006314133
40 45 0.12174608091122727
36 35 0.1988466789270142
37 35 0.06906682537783497
38 35 0.13065443798236911
39 35 0.24334611926991143
40 35 0.007246189532355118
41 41 52.84798931248539
41 42 8.40703279062231
41 43 -22.245873087413766
41 44 -20.549648023732882
41 45 22.273631015561016
42 41 23.392415211888668
42 42 -44.8645227507848
42 43 15.60603418644213
42 44 30.862007258560908
42 45 -7.746079512792904
43 41 20.520425972361185
43 42 -8.093393618593565
43 43 41.613017816717175
43 44 -2.807805904566082
43 45 -37.51566279085674
44 41 -73.1636840275073
44 42 4.734275319200816
44 43 -11.13881641066803
44 44 4.248947975621409
44 45 20.817145702633802
45 41 11.964877131634575
45 42 25.878092389766962
45 43 -10.123768978576953
45 44 3.808715906902057
45 45 -16.42464710306098
41 46 0.1108597706340367
42 47 0.285128837401922
43 48 0.15059922628965067
44 49 0.13302362399351209
45 50 0.18741311721877743
41 40 0.0829195260683909
42 40 0.034069607565806105
43 40 0.010768066435808054
44 40 0.009092683611285124
45 40 0.050620823840093095
46 46 -33.960198208714054
46 47 38.96713770809157
46 48 49.8734288164902
46 49 -1.243792182737913
46 50 -28.769264680247513
47 46 18.97059306864953
47 47 -52.88844843487807
47 48 25.9345119912035
47 49 9.823699634065372
47 50 -6.407873483457495
48 46 -8.47966268761473
48 47 4.27701709520298
48 48 -26.009250035802047
48 49 -0.11662483947155879
48 50 36.15621695240438
49 46 4.396824364691166
49 47 14.864487604632883
49 48 -45.01168107787937
49 49 22.71682867974892
49 50 -17.64582387693043
50 46 31.423406931949213
50 47 -21.527176627764852
50 48 -24.238441037338667
50 49 -26.390711524696105
50 50 31.918297549167
46 51 0.017400819618037456
47 52 0.08185299833538215
48 53 0.2812292205707099
49 54 0.13447134678836034
50 55 0.07292923431583155
46 45 0.11155480307909456
47 45 0.23604536110153548
48 45 0.05676187605772178
49 45 0.17106496250588116
50 45 0.09925220453315642
51 51 -12.395922639097185
51 52 60.99203048166049
51 53 6.369675858283838
51 54 -6.532306699450089
51 55 -19.31810330144997
52 51 -0.4730363844987871
52 52 -13.751146615475644
52 53 -60.90483061744629
52 54 41.97884147134986
52 55 15.851966333590509
53 51 20.92520763418604
53 52 3.317161170945267
53 53 28.625473341764945
53 54 -21.476543344356905
53 55 -17.049153565796235
54 51 -10.879411268735616
54 52 -31.60961887122839
54 53 38.61351925693075
54 54 20.35045908391659
54 55 -12.543280275669312
55 51 -2.653328612247529
55 52 1.3557534224223649
55 53 -40.25744382134092
55 54 -20.084207088364522
55 55 37.43536017272755
51 56 0.22483579500133694
52 57 0.11229329586202812
53 58 0.18920505932553125
54 59 0.15542527952143775
55 60 0.04394470992464232
51 50 0.21576384163829615
52 50 0.10413861729473829
53 50 0.22554565365760001
54 50 0.21956226924073238
55 50 0.03861597097150777
56 56 2.0750708193863785
56 57 -48.36754597701936
56 58 23.85967206282131
56 59 42.5172406139409
56 60 -10.048575475085611
57 56 3.7125476232837284
57 57 34.884086818218265
57 58 -44.177760058495345
57 59 14.106743467607709
57 60 -39.86350393418625
58 56 -28.59229503407436
58 57 28.9225065707206
58 58 7.393734909164484
58 59 -9.041750678264929
58 60 4.831723253674421
59 56 40.186879483290895
59 57 -35.13606533885936
59 58 26.254510118777915
59 59 -21.44126259511502
59 60 -0.1027158923585607
60 56 -11.651330730823588
60 57 23.034422661670888
60 58 -14.03989555863771
60 59 -27.887714592337986
60 60 40.38781511579867
56 61 0.28090650799718564
57 62 0.2693242044569209
58 63 0.2162724598883234
59 64 0.2944164994842601
60 65 0.144873572375039
56 55 0.11164462950328502
57 55 0.10648795809529361
58 55 0.24170544629323482
59 55 0.07606628082034723
60 55 0.171913342251501
61 61 1.14890364122093
61 62 -61.59100988440012
61 63 34.73154347893531
61 64 28.88732851274735
61 65 -12.8722922155521
62 61 1.781608103194873
62 62 -10.910711855633158
62 63 -13.791338648801718
62 64 47.64651192075571
62 65 -5.513697993428246
63 61 39.12682974804113
63 62 8.372462887492107
63 63 -26.94788340298803
63 64 -10.85471106621881
63 65 2.4467834621814952
64 61 -25.079322830892156
64 62 28.23785639007722
64 63 -27.132833253178806
64 64 -7.833321310140415
64 65 34.73287310645691
65 61 -20.441940357740357
65 62 27.076395545981892
65 63 32.54841850978593
65 64 -44.80009807303269
65 65 -12.802604603702948
61 66 0.21894302589582543
62 67 0.160568506999106
63 68 0.2786120382187027
64 69 0.27678482131881016
65 70 0.20367310025056315
61 60 0.14599398570371483
62 60 0.11384141395580835
63 60 0.02947723491099472
64 60 0.19570132425288184
65 60 0.015040942403194889
66 66 -3.3288697076330127
66 67 -50.07232213213983
66 68 29.92012677743712
66 69 16.718258598130955
66 70 27.97519916420068
67 66 -40.91469126129633
67 67 41.435066325555965
67 68 -20.669738332713543
67 69 -20.70951987127612
67 70 25.858181260956382
68 66 -18.64820036950212
68 67 31.620955284611593
68 68 15.997986633926455
68 69 -16.519499239361757
68 70 -31.525952037704958
69 66 41.07344211098331
69 67 -19.757435877939862
69 68 -35.38587800820931
69 69 37.9347313940329
69 70 -12.635714014647142
70 66 24.17773994780977
70 67 20.13609365282549
70 68 -14.822078059908426
70 69 -18.570642633800386
70 70 -11.506212615578757
66 71 0.2095484148703134
67 72 0.07559643853957076
68 73 0.27654479057978326
69 74 0.004326799509638923
70 75 0.047612472195541634
66 65 0.25938771903184593
67 65 0.10606920574359892
68 65 0.19373044571927314
69 65 0.264847514905785
70 65 0.16870188313692372
71 71 10.631663549659274
71 72 -37.49967205731528
71 73 12.4996912858797
71 74 22.694784032992413
71 75 -4.754939491978127
72 71 4.466076761169038
72 72 21.411178574590167
72 73 -42.57159196444744
72 74 8.602315737562398
72 75 11.198590010696972
73 71 -26.53997887740055
73 72 1.7641923840809353
73 73 -11.38515421685386
73 74 9.30047658779938
73 75 46.75584148073944
74 71 8.616154063735477
74 72 -3.2726089315301974
74 73 32.22183369805449
74 74 1.6812517711903925
74 75 -66.45959423719836
75 71 4.6483194813169
75 72 16.351790881613802
75 73 21.542600571771512
75 74 -60.74566481154801
75 75 32.8307905095264
71 76 0.15610441011374465
72 77 0.29387893093795836
73 78 0.14624005590822026
74 79 0.05045088015837422
75 80 0.2889413827330005
71 70 0.1038835092441307
72 70 0.1897122216110656
73 70 0.014616870460511366
74 70 0.03201379941474869
75 70 0.09289545543416956
76 76 6.888482608868193
76 77 -33.051956147913224
76 78 42.223175936945516
76 79 16.715539371106363
76 80 -29.50794295290294
77 76 -26.650287171275565
77 77 15.289654775916778
77 78 -17.976184909355474
77 79 49.679000353958685
77 80 -15.518703930070828
78 76 5.524718623933674
78 77 -23.94658543893549
78 78 35.84068200317088
78 79 -46.347829428340624
78 80 27.689094161506514
79 76 7.453560816076996
79 77 46.29361983089737
79 78 -35.62680813233983
79 79 -7.530532477749018
79 80 -17.04024665021796
80 76 10.842984169599529
80 77 -15.275001820443848
80 78 -25.68861224344365
80 79 4.651299982670188
80 80 34.31206625247657
76 81 0.2736189051715447
77 82 0.2289738446114422
78 83 0.131382287875291
79 84 0.12604865650064326
80 85 0.011584526048982257
76 75 0.08420977653895957
77 75 0.2430072508369142
78 75 0.07538754400257272
79 75 0.0012324869847700536
80 75 0.010565074882142622
81 81 20.00785430376467
81 82 -31.04381506294685
81 83 -12.014167088817088
81 84 28.010589858384186
81 85 -25.811035305573053
82 81 -32.84972159677047
82 82 57.54965283621445
82 83 -7.636991644333269
82 84 -21.83550319265406
82 85 -2.128634799368441
83 81 11.031967009294554
83 82 -9.791734943100257
83 83 -33.92798157649104
83 84 -9.720133142846068
83 85 43.67892478747472
84 81 3.606647615336801
84 82 20.62681278757246
84 83 25.173625920750347
84 84 -37.683895338793455
84 85 12.748346726090327
85 81 -4.775334464471059
85 82 -29.98388245937124
85 83 56.27162127499429
85 84 25.885130639717467
85 85 -14.2413318004723
81 86 0.20579039284752368
82 87 0.20996236548505356
83 88 0.2976694255234648
84 89 0.22173476760384728
85 90 0.1782436128008623
81 80 0.1798245732000591
82 80 0.19226550148547925
83 80 0.2769218599817956
84 80 0.09442114659873081
85 80 0.24165387309516553
86 86 42.40915967828244
86 87 -11.341991334550402
86 88 -42.64320071114837
86 89 39.626781518836225
86 90 -2.48930336594417
87 86 15.767753238714663
87 87 -30.532387112090426
87 88 4.629486711465541
87 89 33.74565335451186
87 90 -12.260542499071287
88 86 -46.93152207269482
88 87 27.50500250106489
88 88 -4.236767802168539
88 89 -10.889134540795501
88 90 21.496588684678247
89 86 -18.377466734735137
89 87 -29.870565748599002
89 88 23.470344381902166
89 89 -21.052577319642207
89 90 29.069902864206057
90 86 12.485671884762725
90 87 43.59866071836909
90 88 12.107562170933463
90 89 -33.54134772182375
90 90 -33.29003181417394
86 91 0.05918509122294097
87 92 0.1526430423190065
88 93 0.2515502827554553
89 94 0.1819961776886904
90 95 0.2654190375386281
86 85 0.1311676616952138
87 85 0.2988025229283131
88 85 0.2854341807281039
89 85 0.21832100420498948
90 85 0.10656406004628409
91 91 -0.1609219740393406
91 92 -43.52876699848954
91 93 -26.664707518542343
91 94 29.42597940672447
91 95 34.8307258442454
92 91 -25.997636428967418
92 92 33.33233718212785
92 93 -11.860075289971524
92 94 12.58452783216236
92 95 1.8969030525398292
93 91 1.0606383940673185
93 92 17.35353172929948
93 93 27.208854198744234
93 94 -37.86551752604055
93 95 -0.8377316200275635
94 91 -44.721620025206605
94 92 -41.751447454733686
94 93 33.71115166848943
94 94 18.021702870875373
94 95 24.10663270981254
95 91 48.44225700463733
95 92 3.4089008298264543
95 93 -20.86082449505837
95 94 -0.11343942402764695
95 95 -32.34746958320324
91 96 0.1726274063490742
92 97 0.09896672942001139
93 98 0.07862804740069795
94 99 0.015896934640298708
95 100 0.20806713702055174
91 90 0.17826058465855246
92 90 0.06167801555057355
93 90 0.17277515481407987
94 90 0.13234367558729526
95 90 0.19751225318227064
96 96 6.7486133682669145
96 97 42.77045413944583
96 98 -28.10202499216385
96 99 -5.384248911273016
96 100 -11.871955182239404
97 96 -46.36545597502563
97 97 3.1947897709537036
97 98 16.700269795584124
97 99 -29.954062888595686
97 100 30.12957617209108
98 96 6.6473357730733165
98 97 11.203250276035243
98 98 -49.176486332129855
98 99 59.08091942468277
98 100 9.584059953328932
99 96 -17.609332931859043
99 97 -8.814147032744522
99 98 19.304217717823
99 99 11.615631403587818
99 100 -6.393599121439841
100 96 38.72262784599245
100 97 -42.39945328720106
100 98 30.16216809050214
100 99 -19.993836658302754
100 100 -9.22663345576852
96 101 0.1071777497032212
97 102 0.0016743856670603963
98 103 0.2659777378222465
99 104 0.1547962984411431
100 105 0.19711971190535013
96 95 0.11804254612984055
97 95 0.11095447865455045
98 95 0.05839035872875446
99 95 0.09461439491712173
100 95 0.14870849282755508
101 101 4.2611305058401925
101 102 12.591253251934035
101 103 30.4133372696663
101 104 -19.961647500053775
101 105 -29.503551564559068
102 101 19.862273077662937
102 102 4.857001993329517
102 103 -23.875225210029637
102 104 18.985328800298127
102 105 -13.755421771227972
103 101 52.07810552951683
103 102 -42.70898975583382
103 103 18.70519981822124
103 104 -22.400127819206052
103 105 15.671920194483036
104 101 -15.95842834064036
104 102 -4.00302876519739
104 103 -17.647814029869508
104 104 50.49091210590939
104 105 -23.408419158046712
105 101 -56.80493999438338
105 102 33.622807328604395
105 103 -10.474200555736699
105 104 -11.23983253158122
105 105 32.59276654399959
101 106 0.19787048906046992
102 107 0.15469725928210265
103 108 0.23543199348163155
104 109 0.2834223087811128
105 110 0.21955705202528378
101 100 0.19358335782294056
102 100 0.14991915061072475
103 100 0.25651709864926253
104 100 0.19262337601850257
105 100 0.25840820222383976
106 106 -11.882550496467939
106 107 26.51579696718728
106 108 -42.746434291908315
106 109 45.856930468962666
106 110 0.3137927742989144
107 106 -10.280724773044797
107 107 -5.230047390244464
107 108 30.079925368607498
107 109 -4.724958521081127
107 110 -14.697665608984153
108 106 39.660630667594894
108 107 -30.65509399059682
108 108 -18.942842303570984
108 109 18.690725323920216
108 110 17.71837007721307
109 106 -31.910339854544283
109 107 -22.5954890944853
109 108 31.733555778872432
109 109 -43.49781536114571
109 110 35.0908000414069
110 106 0.9554198750438804
110 107 33.186338280974965
110 108 16.63593724190143
110 109 -30.256190474848367
110 110 -36.57405576366628
106 111 0.06584876560371941
107 112 0.2636683223867631
108 113 0.21074500320836856
109 114 0.05261296230018248
110 115 0.2553339043752513
106 105 0.12331086908093249
107 105 0.22195278337155497
108 105 0.05882122414105477
109 105 0.08484842275344029
110 105 0.189574822270354
111 111 36.69504392862394
111 112 -51.35504258483624
111 113 22.30368192921407
111 114 10.026777017701722
111 115 0.062385530933794564
112 111 -20.306158100440257
112 112 23.043428091162063
112 113 23.535408277657204
112 114 -23.268558529610143
112 115 -9.48972128205239
113 111 15.205434564405495
113 112 19.26506648018496
113 113 12.404233236555728
113 114 -30.462733847065852
113 115 -29.96643688715798
114 111 13.69883645358835
114 112 -19.119538415117
114 113 -35.501445886988385
114 114 -0.25083788695197784
114 115 49.91172146255157
115 111 -44.68516812427809
115 112 36.431108177784225
115 113 -13.263391122224153
115 114 36.793356810007495
115 115 -20.630822040973477
111 116 0.19799838507281112
112 117 0.25086989023736767
113 118 0.219236928899637
114 119 0.07159355964137257
115 120 0.07480957063778577
111 110 0.07455317976899656
112 110 0.14160369779466658
113 110 0.18363004074320569
114 110 0.049350809886166955
115 110 0.07577559454729521
116 116 -36.652782541361
116 117 6.615699749900611
116 118 19.619333849403073
116 119 -16.986923614528347
116 120 12.660720225282756
117 116 38.302423251723525
117 117 0.40199645483078017
117 118 -38.680707624601006
117 119 -31.41877918738651
117 120 27.468617529659866
118 116 -6.79721753125992
118 117 -22.566363370010713
118 118 30.792530532900813
118 119 30.42396460319834
118 120 -23.153673806407642
119 116 40.96761075104006
119 117 19.360162495067815
119 118 4.700971259318919
119 119 -33.04264951072957
119 120 -27.517440209129834
120 116 -32.84073532954823
120 117 1.1014740698199765
120 118 -30.48739264436893
120 119 50.696602234111445
120 120 21.950881417896046
116 121 0.12179063011276253
117 122 0.20281264192275048
118 123 0.28718918432639734
119 124 0.15158558161121918
120 125 0.16993251460097492
116 115 0.037337815224038805
117 115 0.03385137279786592
118 115 0.12938061117701374
119 115 0.10716452645543885
120 115 0.20468022947760556
121 121 -50.58474000734075
121 122 -6.680404015417629
121 123 17.05330945454095
121 124 17.12308765705077
121 125 23.68452904844576
122 121 14.543199411532477
122 122 -23.42408443667823
122 123 -26.926934732908343
122 124 34.95593352237148
122 125 -38.68966401959267
123 121 6.936757692521478
123 122 64.62393037637788
123 123 20.342800327900896
123 124 -50.93704574395046
123 125 5.642876093390128
124 121 31.384869977176002
124 122 -11.19558024497384
124 123 -26.76068147562716
124 124 -13.263210433543751
124 125 18.66623810826837
125 121 -1.3363359853973367
125 122 -5.329633468227745
125 123 30.55042616197161
125 124 4.412060525871046
125 125 -18.054421676944052
121 126 0.13367741587751766
122 127 0.12232536574203214
123 128 0.1518376973447
124 129 0.1552273101787172
125 130 0.24768925624017682
121 120 0.13873267872234166
122 120 0.17005561909590308
123 120 0.07796888078253324
124 120 0.1092974086640384
125 120 0.07482270342294452
126 126 -10.032308383065692
126 127 28.665317761090332
126 128 -25.946841522071104
126 129 2.5732189015642155
126 130 -4.173590410033305
127 126 43.18387085098901
127 127 6.094020197963731
127 128 -15.314801000080065
127 129 -36.069187227044694
127 130 -4.713459635811924
128 126 -34.02117450310983
128 127 7.045439344156643
128 128 28.061504150694816
128 129 21.22683165502046
128 130 -21.868690743034314
129 126 -9.114410220034634
129 127 -8.589888203352317
129 128 58.02016073390848
129 129 -42.67868637517289
129 130 23.63865109893761
130 126 17.25181537766206
130 127 -25.074423348141718
130 128 -47.93163675156228
130 129 37.281931810372065
130 130 18.894023438489008
126 131 0.20142098794417532
127 132 0.17098579729028604
128 133 0.24599322031528345
129 134 0.18627330168026912
130 135 0.023390604702826435
126 125 0.14643432789144975
127 125 0.12618186008125945
128 125 0.22659475254553094
129 125 0.1292713127346025
130 125 0.11547741028126154
131 131 42.578593232064144
131 132 -17.53290235738302
131 133 -4.134865164947416
131 134 1.5783495671864445
131 135 1.6700468431601465
132 131 8.079451148697007
132 132 18.717421332179367
132 133 -31.744170346992693
132 134 -27.33426272434775
132 135 50.29413296988709
133 131 -14.412293224585154
133 132 31.039535760131898
133 133 26.073024383188336
133 134 9.32949750926516
133 135 -53.15386363195641
134 131 21.131667935655923
134 132 -2.701231613693476
134 133 33.86034069538677
134 134 -17.116269730777855
134 135 -4.50866379546932
135 131 -50.755094537485974
135 132 -21.986228095558538
135 133 -13.615808653938842
135 134 42.06813430250826
135 135 -18.50916308042508
131 136 0.14226391568479585
132 137 0.21748320459953036
133 138 0.05825049649698644
134 139 0.27939174806895484
135 140 0.2813804610338816
131 130 0.2860190350906816
132 130 0.1381921222050805
133 130 0.29705300584211025
134 130 0.04348524903773854
135 130 0.1517894224579758
136 136 36.00244360863923
136 137 -31.083720856092345
136 138 -23.14270019117626
136 139 16.655098737497855
136 140 6.825962649413613
137 136 -19.36721300051715
137 137 11.538055761316311
137 138 -23.250415441902444
137 139 35.03953509384095
137 140 0.435854562939873
138 136 18.767894073461125
138 137 28.608296520010512
138 138 -15.333537781033554
138 139 -48.8255702952782
138 140 -5.385878108905898
139 136 0.05798619921084914
139 137 -24.093791278018244
139 138 30.29857773621033
139 139 19.360615485326186
139 140 -8.03317608632971
140 136 -60.900186575939685
140 137 10.483738512308566
140 138 50.358709225978366
140 139 -23.13657035771798
140 140 28.83607258143023
136 141 0.2679930783705246
137 142 0.2443080622169988
138 143 0.18669468569182315
139 144 0.044781584576452114
140 145 0.2935647722162464
136 135 0.29809852586284796
137 135 0.2480467395138238
138 135 0.20105577970391456
139 135 0.11695343597167056
140 135 0.16164649981760085
141 141 -11.799976028291917
141 142 18.12467292673938
141 143 -26.795766403064814
141 144 43.87355283721762
141 145 1.510428125750255
142 141 40.269252872329325
142 142 12.690156907916174
142 143 -44.97378574960131
142 144 -11.505346882272375
142 145 18.999289206324853
143 141 -4.4190225021590726
143 142 30.528659362457162
143 143 7.3409451569694015
143 144 -45.42995746466481
143 145 -9.753751911847141
144 141 9.170069714255568
144 142 -16.195622481704486
144 143 6.280255878668827
144 144 -34.46626648972699
144 145 31.180163708441142
145 141 -15.271134201707504
145 142 -40.57949115849273
145 143 44.413260618870304
145 144 32.86156303871489
145 145 -28.680946045423674
141 146 0.16912157491830399
142 147 0.08330233067174575
143 148 0.21138772933537778
144 149 0.14498969512028662
145 150 0.18864607843100714
141 140 0.24139073571311548
142 140 0.027076956497347048
143 140 0.2356525984370596
144 140 0.04302685686892231
145 140 0.22045070706545403
146 146 -30.824342248872117
146 147 15.603662740483854
146 148 -55.09873063289382
146 149 24.386859301967778
146 150 51.17440704786119
147 146 22.001915683247574
147 147 10.0277194471084
147 148 -16.035015094081903
147 149 -0.8955774427748111
147 150 4.006890099071247
148 146 36.65097168877804
148 147 -41.00358184264869
148 148 25.692289914301075
148 149 3.534488291460176
148 150 -13.927336426652687
149 146 -35.86775579235908
149 147 22.265749048052204
149 148 2.7422008398363307
149 149 15.898921915120763
149 150 -33.63071265275217
150 146 12.64190669384941
150 147 11.172252751501361
150 148 6.852124584149391
150 149 -44.97817770549892
150 150 33.99829329782338
146 151 0.11415472337845405
147 152 0.24701030939784963
148 153 0.2567522871186488
149 154 0.023724078866223696
150 155 0.28869651968405424
146 145 0.29752364589878705
147 145 0.15256699930127007
148 145 0.06897967494018593
149 145 0.23940801376117052
150 145 0.027516882597480374
151 151 1.5048710983208364
151 152 32.659649333359944
151 153 42.69657188340345
151 154 -43.37561974256069
151 155 -35.14896518333434
152 151 29.161747154311588
152 152 -30.35629204745079
152 153 10.174902587904736
152 154 17.154379727807306
152 155 -25.29167556648836
153 151 24.3019250903283
153 152 23.272434165282487
153 153 -25.264332129885826
153 154 -52.064804258887115
153 155 34.65482341354361
154 151 -34.923133754135414
154 152 -28.061073176795063
154 153 1.3270380906852584
154 154 36.92502266471224
154 155 20.13245465160396
155 151 -4.11392932059493
155 152 21.472628447757348
155 153 -10.614555051794346
155 154 0.9274277948234801
155 155 -2.7197362137145875
151 156 0.2850334767683816
152 157 0.016289977335332596
153 158 0.033638995505573456
154 159 0.14733183608775094
155 160 0.2982895928301094
151 150 0.01817683832850192
152 150 0.17213425332323837
153 150 0.2091963384536259
154 150 0.12507956279341848
155 150 0.08335171632596836
156 156 -36.28342476104875
156 157 22.592723676184143
156 158 -28.841739904923212
156 159 33.44922326666811
156 160 -15.760272857282342
157 156 45.844195722613065
157 157 0.010397504354849594
157 158 14.504658413291564
157 159 -8.507062621669435
157 160 -37.45913469319176
158 156 22.33289440848434
158 157 23.041837096053772
158 158 -30.757748863000327
158 159 9.24768517461141
158 160 -14.791751601490615
159 156 -22.927651683666536
159 157 -9.278924405068294
159 158 40.35538762151354
159 159 -38.22192667133129
159 160 41.771817682049765
160 156 -3.0589605770305033
160 157 -48.85832839653475
160 158 5.230867313219977
160 159 10.948863428181896
160 160 28.1662249114066
156 161 0.249516615559772
157 162 0.14773837754796926
158 163 0.29843775988475774
159 164 0.25227210950760476
160 165 0.09059904301005506
156 155 0.04499605570890244
157 155 0.1821869716228225
158 155 0.1608408209173355
159 155 0.22795326838638708
160 155 0.24350082544299964
161 161 2.6660357483990307
161 162 20.230669755466852
161 163 -44.21485031466347
161 164 23.133200083437764
161 165 7.102790623901412
162 161 -47.96018499091468
162 162 3.952102544553565
162 163 51.01728045296216
162 164 -23.027337244950072
162 165 10.759581501880524
163 161 35.20188268106223
163 162 -44.63207075576177
163 163 -20.44153669848214
163 164 -2.7639284222383433
163 165 26.128291955338707
164 161 15.465825704808069
164 162 20.894076883509083
164 163 22.18647773283413
164 164 -25.57537324547615
164 165 -27.865133715155565
165 161 1.9420354218775606
165 162 18.75670715960473
165 163 -23.535798218495472
165 164 40.86795784705213
165 165 -28.94313522620514
161 166 0.18541678701405231
162 167 0.08962247347342134
163 168 0.07436314313950647
164 169 0.052548912836020235
165 170 0.2832810682772204
161 160 0.07616918640456324
162 160 0.15568281841333462
163 160 0.13272731878779956
164 160 0.24525280483600242
165 160 0.21451401617527263
166 166 -8.245061625028276
166 167 -1.264404880208971
166 168 -23.954943694393524
166 169 2.0173443859374873
166 170 40.40520909828121
167 166 -43.248932417946754
167 167 -26.771262591865007
167 168 15.842977768562228
167 169 41.94788856752829
167 170 1.325137377120391
168 166 9.190917617266432
168 167 -26.361680948070486
168 168 -29.133673723663115
168 169 12.997987104825913
168 170 19.442134044721172
169 166 27.00270016247445
169 167 -4.373762572565799
169 168 22.116170122834788
169 169 -38.68171711958934
169 170 -9.25650190495198
170 166 -4.305006422688278
170 167 66.35000445806523
170 168 9.739240908637255
170 169 6.699977549140283
170 170 -49.41831280032893
166 171 0.16951730127056044
167 172 0.17102745725947446
168 173 0.21081468513086457
169 174 0.1974167483676265
170 175 0.03291405100249776
166 165 0.08578550809157785
167 165 0.27546277429358457
168 165 0.12695768941400778
169 165 0.24989270140465936
170 165 0.1699841058779541
171 171 -14.576998415399906
171 172 34.02472488528316
171 173 -1.5871622077560952
171 174 26.49624034754152
171 175 -34.485728351723125
172 171 54.93768073586139
172 172 -65.27944647361666
172 173 18.549879948643735
172 174 -4.4252136268579045
172 175 -1.4686117080083243
173 171 -0.19684428680986954
173 172 2.2889571243427445
173 173 26.907860353198835
173 174 -10.263452840169853
173 175 -12.638111588637694
174 171 -20.113331977240616
174 172 -4.839413389776084
174 173 -3.580257547831942
174 174 41.634964525972634
174 175 18.643644540425008
175 171 -14.214777431649567
175 172 11.960801409468724
175 173 -43.0782408449561
175 174 -21.767847458862402
175 175 42.149383881117394
171 176 0.19128015343295532
172 177 0.1758315738342612
173 178 0.23894517836916207
174 179 0.17272993149430163
175 180 0.012967461386519474
171 170 0.18586361399619528
172 170 0.296391470379619
173 170 0.11978624590504569
174 170 0.09765708417066099
175 170 0.20057004355840582
176 176 -7.431557011481478
176 177 61.11090817271377
176 178 -15.503561633551634
176 179 0.8874264580998914
176 180 -15.747799496657914
177 176 -13.479446923206119
177 177 -4.794747147135536
177 178 10.662979408894527
177 179 -19.7679840356242
177 180 38.6209155640492
178 176 42.06701229606736
178 177 4.074065183047963
178 178 -36.062032601078684
178 179 -10.69181333909903
178 180 -9.715077665898948
179 176 -50.400976894260054
179 177 -7.284250004302103
179 178 17.90036930023315
179 179 54.10332630971238
179 180 -20.34140781537191
180 176 33.53434751757095
180 177 -17.280458243055044
180 178 14.489447925793915
180 179 -34.37653089175489
180 180 5.6823764608555045
176 181 0.07366046630595526
177 182 0.17230209393050286
178 183 0.11817519273737606
179 184 0.258870697756114
180 185 0.28201707668321535
176 175 0.046654360850134656
177 175 0.14879757991778522
178 175 0.029855768906783518
179 175 0.2474646116342829
180 175 0.26699889816394956
181 181 2.0800617219187987
181 182 1.8532354888222493
181 183 40.73983370269623
181 184 -12.972093988953162
181 185 -70.58466332819178
182 181 -46.12748500472167
182 182 11.302051876398725
182 183 4.781023208239704
182 184 17.764682875469703
182 185 39.48772316516215
183 181 -11.87700576423861
183 182 -16.67918519387516
183 183 1.1008051291358587
183 184 43.09168513152696
183 185 13.860154082727334
184 181 18.76832893813277
184 182 -31.968086259039918
184 183 8.924860546527302
184 184 -1.9997431324877313
184 185 2.054111485435723
185 181 30.04123815421983
185 182 30.057499433233087
185 183 -33.10817145359217
185 184 -31.46346432767132
185 185 -9.062488982270063
181 186 0.24992025643994364
182 187 0.186369896457434
183 188 0.17325695496469187
184 189 0.14123146111555304
185 190 0.04301200869160084
181 180 0.1433901408721891
182 180 0.1423447318007438
183 180 0.0069294726767042064
184 180 0.17039260114350993
185 180 0.26567050248042773
186 186 20.05374603525929
186 187 24.41814030099979
186 188 50.67269650159532
186 189 -49.08147312846733
186 190 -36.54257098085109
187 186 0.09166072889009722
187 187 -16.787097518277438
187 188 -30.054054121772907
187 189 5.330592687260875
187 190 47.72810257556369
188 186 -20.439982612276975
188 187 -31.824673981777696
188 188 40.09858369689319
188 189 -16.225310545219877
188 190 10.463902702536023
189 186 34.116655152862435
189 187 0.5637274600983048
189 188 -10.963484455966245
189 189 9.582055060894685
189 190 -12.577478462196865
190 186 -21.275171991049028
190 187 27.99226266064712
190 188 -13.545150713229734
190 189 27.16745755570771
190 190 -31.168741151649485
186 191 0.165846673909942
187 192 0.24754736939981695
188 193 0.2705775641593771
189 194 0.19617959649988626
190 195 0.18081538332101377
186 185 0.21189915067929607
187 185 0.21504281290970653
188 185 0.27732386458750324
189 185 0.18684607421762528
190 185 0.18734593529839744
191 191 -1.151067694197056
191 192 14.106656633067104
191 193 -50.522674940719405
191 194 1.0656300903731315
191 195 31.037793053402016
192 191 18.00701180836606
192 192 -18.476405281381105
192 193 17.515467659039473
192 194 47.748005957830344
192 195 -54.86046341176796
193 191 -46.15812839306781
193 192 8.421575099402173
193 193 14.568078098274006
193 194 -7.985892387902623
193 195 35.680967695763556
194 191 38.23985455292904
194 192 -22.31661725810387
194 193 -18.50018792311796
194 194 -26.303774203617763
194 195 15.789573832743331
195 191 -14.028838320578753
195 192 19.63611797227533
195 193 22.740380279878174
195 194 -28.146595078939562
195 195 3.3795779168459332
191 196 0.12503188138787225
192 197 0.21125224079957247
193 198 0.04135093613240837
194 199 0.06529664282478351
195 200 0.08764484420632161
191 190 0.09009621238862826
192 190 0.07823079610753621
193 190 0.08772674830598155
194 190 0.13674262383043032
195 190 0.22951586587668882
196 196 17.038388573446895
196 197 23.34263820446646
196 198 -12.682138540261251
196 199 -43.476858094096926
196 200 13.942885867142587
197 196 -43.327406707084116
197 197 -0.8558326379012965
197 198 -14.856207463152092
197 199 34.45616477088154
197 200 20.303066735889843
198 196 40.34921542971735
198 197 -25.888713252314684
198 198 -0.4829791107011521
198 199 -34.49510921069345
198 200 20.00443963407175
199 196 1.2606113859294839
199 197 38.548752181122495
199 198 -32.0235128699283
199 199 16.01712791903147
199 200 -16.604390720446276
200 196 -19.243330767863924
200 197 -16.698944448010753
200 198 47.972402429590744
200 199 29.465764386060812
200 200 -36.679150174068404
196 201 0.20415562130380374
197 202 0.2838714530128097
198 203 0.255138787383105
199 204 0.28498193741303546
200 205 0.1754106879439797
196 195 0.046080949917348034
197 195 0.14192043467807022
198 195 0.17385047409955912
199 195 0.11288436251630729
200 195 0.1063123610133306
201 201 -8.795473544789566
201 202 1.6194127790641857
201 203 12.229218475618485
201 204 -24.77453528545761
201 205 36.62924508482284
202 201 41.00224352795267
202 202 -34.7935825787797
202 203 33.16370925059087
202 204 -10.659057175228646
202 205 -5.8827828209852395
203 201 -30.57162673717229
203 202 36.453660598762596
203 203 23.827906952316265
203 204 -22.398570102988565
203 205 8.133653318686187
204 201 -18.15724082827128
204 202 -15.52495806877438
204 203 -33.50558008145429
204 204 60.459239697739804
204 205 -39.882377801603226
205 201 31.83752067371594
205 202 3.88740764300496
205 203 -32.85820434943525
205 204 -7.241403615546938
205 205 7.267454955393991
201 206 0.11036480718497245
202 207 0.15779963193893023
203 208 0.053895354346663836
204 209 0.18781228923858187
205 210 0.10782977966131647
201 200 0.1374074733319494
202 200 0.24745637046747765
203 200 0.25205053589773607
204 200 0.2798622397947967
205 200 0.0651986244777589
206 206 -3.0164702000415917
206 207 41.2882190427816
206 208 -39.83286184712596
206 209 6.029750812360924
206 210 -0.2190268607246904
207 206 10.16194499477773
207 207 -0.9597066132284531
207 208 -10.319339127154803
207 209 28.31301121183767
207 210 -14.545017160369767
208 206 -31.905860835785113
208 207 -50.65829716360839
208 208 29.844228961090952
208 209 -23.383733194595283
208 210 48.78062537972857
209 206 -33.88417067953539
209 207 35.0915437957694
209 208 36.592791949399384
209 209 -0.23364380657539743
209 210 -21.603673240353373
210 206 46.02838074243068
210 207 -15.54386322101033
210 208 -4.973718827732023
210 209 -0.7034188578863677
210 210 -18.548538525450347
206 211 0.054504491544788224
207 212 0.29531860694444606
208 213 0.2160027371986763
209 214 0.2329801191343808
210 215 0.11838413024709675
206 205 0.2459937181040328
207 205 0.002695095055850727
208 205 0.07637144953166168
209 205 0.12362027846617508
210 205 0.26563854844312323
211 211 14.18538924745313
211 212 24.48972495469338
211 213 5.130026632738007
211 214 -69.05101401255665
211 215 -2.1265287793266587
212 211 10.887531529451762
212 212 -6.326308486738071
212 213 -38.113339553116674
212 214 37.8091175867148
212 215 -0.013726873493792775
213 211 -47.99446629948329
213 212 28.849837387103673
213 213 -7.456914751225973
213 214 26.65221111454605
213 215 5.764013125894486
214 211 20.945620028764367
214 212 -24.771011113969497
214 213 47.10750989628136
214 214 -7.681912355571698
214 215 -19.38030075382061
215 211 -22.220439277364434
215 212 8.984554131565853
215 213 -29.320027944947388
215 214 -2.527133891118232
215 215 33.9821268809972
211 216 0.2835594683375549
212 217 0.22116593343508553
213 218 0.1028064549397667
214 219 0.25271720475749154
215 220 0.1161723811734169
211 210 0.2378566489500755
212 210 0.28791000131512046
213 210 0.25784952133225575
214 210 0.12321808190179907
215 210 0.12054412844261554
216 216 32.23880388032361
216 217 -8.919580379318502
216 218 7.178175867305721
216 219 6.082267704703206
216 220 -27.09084354219386
217 216 -16.425422031758256
217 217 -7.145545792524989
217 218 64.36813819948604
217 219 -58.88998113102386
217 220 -12.394355663062727
218 216 9.262705827646453
218 217 40.597399656883184
218 218 -18.125434743632503
218 219 -32.36949348183522
218 220 4.513443477613921
219 216 -23.93309986840347
219 217 -12.924489972818266
219 218 -7.351039896930354
219 219 44.17349732083472
219 220 1.1251940708118553
220 216 3.6331195678653065
220 217 9.4474194095834
220 218 -34.87810331388747
220 219 -5.176614045022704
220 220 40.335812562613825
216 221 0.08737102402763798
217 222 0.08384860863517314
218 223 0.1349622866284623
219 224 0.11669314368229534
220 225 0.12324595074295334
216 215 0.10267767585347091
217 215 0.060823006243163696
218 215 0.13964727280517436
219 215 0.262109590215064
220 215 0.09886469038751655
221 221 -34.92464111521012
221 222 34.77607290413811
221 223 6.92695065777328
221 224 -25.912568815185693
221 225 38.08846984479244
222 221 -47.98157683380271
222 222 16.448501251091358
222 223 -5.3742031005167625
222 224 36.686481160347356
222 225 4.105840709443737
223 221 27.1792961899901
223 222 -30.05413620116902
223 223 -1.3715289561825654
223 224 0.8527382734982323
223 225 6.72289557983939
224 221 35.32775439237743
224 222 12.422356825803936
224 223 -50.95668112842726
224 224 -2.523907034109085
224 225 -45.12935950315767
225 221 2.096315443972604
225 222 -12.293377511788163
225 223 45.974689146402724
225 224 -14.461095158474143
225 225 10.154086010759908
221 226 0.03565603852464858
222 227 0.2807191291304762
223 228 0.26944472328878943
224 229 0.06572390492065225
225 230 0.13397128870510772
221 220 0.054941423216999526
222 220 0.0017630607070253657
223 220 0.13804410423927563
224 220 0.10347732026421386
225 220 0.19844215451056174
226 226 -26.148896179219165
226 227 7.102634907489453
226 228 38.00678542418855
226 229 -29.53816916274188
226 230 9.755557269628534
227 226 6.283592201881946
227 227 20.267193070152487
227 228 -46.61278471993627
227 229 14.527480058951422
227 230 17.35236925643942
228 226 -12.450556570627803
228 227 -13.838842611816037
228 228 16.216654261706157
228 229 -0.22922733314099691
228 230 25.93813016456173
229 226 -36.625419045414134
229 227 -20.036139685745468
229 228 17.193090367345658
229 229 44.669790607005766
229 230 -58.20206719477591
230 226 55.40913639691434
230 227 6.654660685543382
230 228 -18.934714161087204
230 229 -19.587429112144523
230 230 -5.915063601641742
226 231 0.28234959075836824
227 232 0.11072398403121739
228 233 0.07753530450027908
229 234 0.004100696632118072
230 235 0.23060575664961402
226 225 0.12805691472810246
227 225 0.2510477553359253
228 225 0.2941389928562775
229 225 0.18088713593600955
230 225 0.1373806764483544
231 231 46.45027386590728
231 232 8.508714094055241
231 233 -30.218353830432733
231 234 18.927135562227196
231 235 -23.407750987924313
232 231 -11.352582777876387
232 232 -31.072032400657655
232 233 25.22897292175471
232 234 -8.809405286046964
232 235 17.343967336414753
233 231 5.550886602850903
233 232 -39.23390435006635
233 233 -9.063891617035235
233 234 50.38167344112371
233 235 16.349819432649316
234 231 -43.19638265358782
234 232 25.354339951202537
234 233 -12.441786419407364
234 234 -42.79427222149784
234 235 34.836381732356045
235 231 9.062061984688102
235 232 20.89714978313009
235 233 19.643875827927765
235 234 11.456305468298336
235 235 -38.935089090265365
231 236 0.10437081579208045
232 237 0.0014820234055249015
233 238 0.13200269211993976
234 239 0.048788285253388054
235 240 0.13731936974499107
231 230 0.10786455110862114
232 230 0.2734271066383957
233 230 0.27309760091517893
234 230 0.2978172350837644
235 230 0.11137318612482096
236 236 -16.989256504504237
236 237 -48.366284224830686
236 238 27.68897497327522
236 239 15.252852578425633
236 240 -15.284611223440834
237 236 -7.215556518998826
237 237 62.94069852138959
237 238 -15.879622954018956
237 239 -9.600054137466818
237 240 16.348176485524025
238 236 2.744187006999174
238 237 -16.945933204869974
238 238 -27.94310232238174
238 239 50.51594059547738
238 240 -26.53695017575303
239 236 18.794177612406497
239 237 -32.835255695611544
239 238 -7.6603723853413
239 239 -30.54972061310337
239 240 37.54573579557607
240 236 10.470179591865323
240 237 36.3879559627456
240 238 15.405771485624923
240 239 -18.846649650337042
240 240 -14.140866411019779
236 241 0.11383939519826296
237 242 0.1919674805502886
238 243 0.2919565871132565
239 244 0.1970107901293631
240 245 0.14991751382222734
236 235 0.2901523292510917
237 235 0.16210348834863228
238 235 0.19788308881826794
239 235 0.00847002805735204
240 235 0.07530423258107573
241 241 -16.36513004146272
241 242 -23.72747804457752
241 243 3.781976173897878
241 244 52.14257576611412
241 245 -10.008777475533853
242 241 -22.644273741631807
242 242 32.54854719650614
242 243 14.614631946721026
242 244 -21.49150338308827
242 245 -26.27800246938557
243 241 52.38601616354811
243 242 -13.101676876222545
243 243 -18.774008688247914
243 244 26.390232278514027
243 245 -17.456969974244515
244 241 12.522297017897188
244 242 -6.874097318709945
244 243 16.84726558200466
244 244 -54.65032773285767
244 245 37.21275572845911
245 241 -38.284406102300416
245 242 3.4174094543623545
245 243 -17.553408875966415
245 244 36.67143417118031
245 245 3.9151745144861767
241 246 0.16204838982739103
242 247 0.0490734462897914
243 248 0.14543606836736045
244 249 0.11795831881408878
245 250 0.13255848797309078
241 240 0.038136150381711385
242 240 0.21381046137290444
243 240 0.10857434449502669
244 240 0.2033745167258829
245 240 0.14669304879473863
246 246 -47.02959448487103
246 247 10.653945027509275
246 248 -0.3866885003444052
246 249 30.98144013045524
246 250 19.168825730248827
247 246 -15.78337005057989
247 247 0.8969787855305609
247 248 53.96974444645925
247 249 -20.17603961283596
247 250 -3.8315796917381038
248 246 20.25568303136602
248 247 0.43034798666495755
248 248 1.6996489778127686
248 249 13.697238674965602
248 250 -43.08932392841096
249 246 33.40461003285273
249 247 -33.930645895208
249 248 19.357349610291536
249 249 -23.683463606329546
249 250 1.9675646731244172
250 246 6.315504487872208
250 247 23.34325734850477
250 248 -68.87649300253031
250 249 2.059352803339022
250 250 25.345978184315946
246 251 0.24737371409593312
247 252 0.10468978853788284
248 253 0.22255790090971242
249 254 0.02237750550889106
250 255 0.2815794251939298
246 245 0.16116773951413846
247 245 0.11549786059645747
248 245 0.011541290601114107
249 245 0.18070767600478113
250 245 0.18263165124702618
251 251 -0.5150015822437721
251 252 -19.259535136571845
251 253 -16.40829161951924
251 254 20.823531428665518
251 255 23.22635959699128
252 251 34.253875201107405
252 252 -30.120365060644183
252 253 35.06561605087041
252 254 0.03176624647334976
252 255 -31.296934019640553
253 251 -21.376242745507305
253 252 2.9287218637648187
253 253 3.5101825446660557
253 254 -5.523525042129268
253 255 34.64937087379745
254 251 -33.416840413499195
254 252 33.9442942241979
254 253 -23.59024868006113
254 254 44.719869785596465
254 255 -46.43736347059559
255 251 21.822448530749956
255 252 11.728592982617148
255 253 -5.188965962771198
255 254 -54.65006788537106
255 255 25.607480639421453
251 256 0.07035232878028186
252 257 0.13963756214175374
253 258 0.005033740349974392
254 259 0.22468518769872822
255 260 0.12782715317141977
251 250 0.17631506514678655
252 250 0.012971616490757154
253 250 0.24104638242196397
254 250 0.09265397636871901
255 250 0.019300858882694106
256 256 -9.544198463247378
256 257 4.412722204101677
256 258 24.608103616088776
256 259 16.066525187707715
256 260 -39.56380236827652
257 256 34.317900464599404
257 257 -43.88988017871315
257 258 5.8488499588541325
257 259 27.660664859033538
257 260 -16.89235795034037
258 256 -34.86564996637536
258 257 37.10316001012636
258 258 -34.0042241946982
258 259 -4.881536079687442
258 260 32.58875938513021
259 256 37.18873308161579
259 257 12.480852164360092
259 258 4.853559926464925
259 259 -44.30666161743956
259 260 -9.429030923286007
260 256 -36.88086218886266
260 257 -15.693521818518454
260 258 -1.24884123615352
260 259 18.421906758871668
260 260 41.86264892202741
256 261 0.27042730794733627
257 262 0.1536049993308413
258 263 0.20021605950996432
259 264 0.12892022677948436
260 265 0.11554684770459461
256 255 0.06432100343926885
257 255 0.2117218642865823
258 255 0.03360148186080223
259 255 0.11765900326377227
260 255 0.13666741395725784
261 261 27.947190697392244
261 262 -14.79923339516382
261 263 -13.01274566176338
261 264 46.65657064622333
261 265 -28.827736145010157
262 261 -29.204446105080134
262 262 -3.1536459417162384
262 263 7.317880206471694
262 264 -10.895254299804293
262 265 29.166888575405864
263 261 -13.581013647028787
263 262 35.071694698229116
263 263 -44.52367186716346
263 264 8.371918322133117
263 265 6.23756591799025
264 261 5.259948981701954
264 262 -20.894878891607156
264 263 -19.31172604730994
264 264 -14.050532115671263
264 265 45.08281471250904
265 261 22.119494429041907
265 262 -3.6283740029876723
265 263 56.89040136125236
265 264 -20.711887239071277
265 265 -45.529708293619485
261 266 0.1933527357363806
262 267 0.0013224968586888596
263 268 0.15953184324196126
264 269 0.00207031112528977
265 270 0.12069862706993599
261 260 0.09105079583923101
262 260 0.21933996605524161
263 260 0.025530758403455953
264 260 0.07369241775489156
265 260 0.16070570558839561
266 266 16.48274573425435
266 267 -54.83210801499611
266 268 17.944841562451607
266 269 6.29136651856
266 270 21.725301764454212
267 266 -12.78156269808614
267 267 6.244417666584143
267 268 4.813231855406988
267 269 25.18381413087965
267 270 -31.02483336144491
268 266 -49.43498010372072
268 267 2.5726310995253807
268 268 19.315527024180813
268 269 -9.774668328949259
268 270 31.78747779954094
269 266 57.22905741888988
269 267 6.23981922598777
269 268 -47.91156294603852
269 269 18.578867039093545
269 270 -19.11576317386018
270 266 11.104392704329193
270 267 36.204457621651166
270 268 -5.599664708731422
270 269 -34.448471602739566
270 270 -6.396230685032148
266 271 0.1540411050659068
267 272 0.08564940352749591
268 273 0.18647420400579498
269 274 0.11403662166866262
270 275 0.18461183840238077
266 265 0.09979023438035513
267 265 0.1668777143180571
268 265 0.28201045008295
269 265 0.09349569951866392
270 265 0.24637539799193695
271 271 -24.23696018530911
271 272 -29.76415431169555
271 273 35.730781150382036
271 274 26.869005544619082
271 275 -14.64159730088975
272 271 -5.930403373497662
272 272 -34.719200065058615
272 273 6.602624200425261
272 274 -25.892659589223243
272 275 70.81629305767348
273 271 25.051958816829874
273 272 -19.914899603943855
273 273 -9.351156861969496
273 274 27.971097704510683
273 275 -17.85202601503918
274 271 23.230467734806098
274 272 39.14383376787299
274 273 -11.780119352347388
274 274 -26.13305344592233
274 275 -26.576280485100053
275 271 -39.0391228584571
275 272 4.712410117778998
275 273 3.832256971632987
275 274 0.6469202251542839
275 275 29.102860087024677
271 276 0.12940649059551712
272 277 0.04140392515437303
273 278 0.04120925913873219
274 279 0.1566860990190789
275 280 0.1356398945172896
271 270 0.13221573184997795
272 270 0.0815587330701998
273 270 0.06685658995599406
274 270 0.0026684904344239646
275 270 0.02540618561150787
276 276 -15.069378553824428
276 277 -11.643147123780357
276 278 8.933728037388056
276 279 -12.968610702818602
276 280 54.634546429058766
277 276 49.87660835744588
277 277 -53.07885653448544
277 278 -11.781630570494231
277 279 -17.995481395054284
277 280 -20.384622652720147
278 276 24.343491723252566
278 277 24.991674980243015
278 278 -7.230539159206299
278 279 -15.589771520049421
278 280 -47.883241704653045
279 276 -27.898048113220007
279 277 22.443811784170624
279 278 -23.277820729486837
279 279 38.39948157194464
279 280 10.318280315868947
280 276 -20.95636245056227
280 277 11.75446011274997
280 278 36.182540365137314
280 279 0.275537036968649
280 280 1.1417168563440208
276 281 0.21867890438548065
277 282 0.261950625595545
278 283 0.21769781266406302
279 284 0.23730312223754402
280 285 0.2232122578919963
276 275 0.16355489265925124
277 275 0.21250799140218815
278 275 0.12163414333928113
279 275 0.012659437276349593
280 275 0.2570344068934757
281 281 -30.041445573334528
281 282 14.921433374663373
281 283 -46.615826141866634
281 284 -5.090736490156369
281 285 44.43177971899425
282 281 -38.489685093065525
282 282 2.1169918662353213
282 283 52.478800895698214
282 284 2.4840361809338134
282 285 2.706452291975626
283 281 -10.312722584765934
283 282 -19.441684940086095
283 283 1.3597479032652526
283 284 19.532080825955408
283 285 26.277966195609363
284 281 43.750505327712034
284 282 3.813458708848878
284 283 29.157459615873954
284 284 -36.24749057796516
284 285 -34.87478966564804
285 281 12.793976789496996
285 282 -6.038673543669572
285 283 -29.947000963628238
285 284 32.478905197500794
285 285 -17.49686851697606
281 286 0.1381895071479287
282 287 0.29973903495767484
283 288 0.08657511067237122
284 289 0.10733142539808693
285 290 0.22804406993153378
281 280 0.26888982596031424
282 280 0.01957723509726048
283 280 0.05956224220816204
284 280 0.2623752207312783
285 280 0.11646878532105247
286 286 -10.848144104653398
286 287 33.814660747007295
286 288 15.21350628007527
286 289 -25.904607859505468
286 290 -0.24759865377337
287 286 -37.64949828951002
287 287 10.795388355674403
287 288 32.98098135735857
287 289 28.150422946212764
287 290 -19.24198621681631
288 286 16.15994070045046
288 287 24.45542843941719
288 288 -13.977316134518913
288 289 -2.1957968648283006
288 290 -31.96135635866023
289 286 9.2097235858681
289 287 -20.927894318083858
289 288 -29.569627783434452
289 289 -13.162003458069899
289 290 45.23697771665671
290 286 36.90640400346625
290 287 -71.09529117507303
290 288 11.46224456416261
290 289 25.618966017165263
290 290 -5.165708157232828
286 291 0.21482127849488494
287 292 0.204722652247968
288 293 0.10586624957873225
289 294 0.13102728527394072
290 295 0.2810524006283172
286 285 0.15571437578628203
287 285 0.1351213749496323
288 285 0.2236511362875412
289 285 0.07318012858612315
290 285 0.27096534822941737
291 291 11.862320837563576
291 292 -14.205348499184405
291 293 -4.428220642167019
291 294 -25.83696621494579
291 295 66.0925040394113
292 291 -31.476832553624195
292 292 29.67845543422422
292 293 9.377150178505529
292 294 11.103160589443712
292 295 -24.318975966511182
293 291 -10.269355506967337
293 292 -3.32593481686847
293 293 55.33331517804376
293 294 -14.786791870369546
293 295 -15.176840134248371
294 291 -23.300855884361923
294 292 -5.125972367766996
294 293 -26.26046280358414
294 294 39.2071594066181
294 295 -5.468968325067915
295 291 50.018161510480596
295 292 -13.70054348037311
295 293 -39.44060856619661
295 294 -8.315313811862126
295 295 6.109600472505217
291 296 0.2825378454313091
292 297 0.18322937235266928
293 298 0.025512732273076242
294 299 0.18662409845643427
295 300 0.03760801610652735
291 290 0.23139943159834808
292 290 0.10599058345597191
293 290 0.2932519601979737
294 290 0.24113958043254058
295 290 0.08255040705959667
296 296 11.995163003124027
296 297 37.27602234841764
296 298 -37.36399506797321
296 299 17.488972820962932
296 300 -50.06355941799469
297 296 -9.55843678344975
297 297 -0.7151057019658612
297 298 23.874256764425663
297 299 3.0823364210447384
297 300 -3.5047044086374632
298 296 33.6374941721633
298 297 -32.75054447612831
298 298 9.775143029181116
298 299 9.985142654997153
298 300 4.685595826717654
299 296 -21.609991699565736
299 297 -13.15094655944898
299 298 -7.918237081966416
299 299 47.54576978678894
299 300 17.208641976107266
300 296 -21.84589014554292
300 297 12.768527471677817
300 298 14.596863592921489
300 299 -69.78373663022803
300 300 32.36936440476723
296 301 0.17017437399454033
297 302 0.24830598314896996
298 303 0.022240815703603877
299 304 0.10281003201147527
300 305 0.2872759448616678
296 295 0.1324804554521478
297 295 0.16218407342025729
298 295 0.21165927689178396
299 295 0.20183612445060914
300 295 0.030057378867939154
301 301 -28.19394081725238
301 302 14.835623527094873
301 303 30.61848690614707
301 304 -19.000834921999264
301 305 9.834152376696274
302 301 5.687735355611557
302 302 29.901046079667147
302 303 -23.38684980490498
302 304 47.011273676164166
302 305 -32.326515831362
303 301 52.201276162759235
303 302 10.012057512192206
303 303 -51.87535796765379
303 304 -31.09985104447722
303 305 6.530791877216193
304 301 -19.423649563923238
304 302 -33.02610006053465
304 303 11.071403366534895
304 304 13.376025418569487
304 305 18.764337524708154
305 301 -4.503135756668941
305 302 -4.080264986666309
305 303 44.631492984596434
305 304 -31.6488928707575
305 305 -7.742825904078827
301 306 0.12343381528718911
302 307 0.03732352532114096
303 308 0.039220420703992384
304 309 0.1749300473517738
305 310 0.027198390935808846
301 300 0.05580613724781673
302 300 0.05028346377622217
303 300 0.14430002780764634
304 300 0.11244921890306493
305 300 0.09131111184956694
306 306 0.3618253572876471
306 307 41.9178461625465
306 308 46.33512780024126
306 309 -45.930838208136734
306 310 -45.21323488485239
307 306 -19.734752901836792
307 307 12.877775418791039
307 308 -16.07245481347845
307 309 0.9901161193096807
307 310 42.02570316033616
308 306 13.44569807733491
308 307 -39.59247254452801
308 308 15.631084951973232
308 309 21.278753808571555
308 310 -23.891488157343925
309 306 -9.087529406749832
309 307 13.477742616455783
309 308 -18.38747387568225
309 309 19.2332564619833
309 310 -10.73495574908221
310 306 44.003877947151
310 307 -38.32261270045525
310 308 -18.718614411916295
310 309 -10.040114750889668
310 310 16.67754397263484
306 311 0.052235732141827036
307 312 0.22752371014458567
308 313 0.0697969468197279
309 314 0.20262149974063506
310 315 0.10575314438580087
306 305 0.21404197915715503
307 305 0.2621562084777581
308 305 0.06968807518928477
309 305 0.05847110134752853
310 305 0.012796551081420193
311 311 19.383427261611537
311 312 12.086531057675444
311 313 -52.83244470191303
311 314 17.528846340206538
311 315 22.404990983184938
312 311 -26.755863503807095
312 312 -11.020284397761566
312 313 16.862375753292092
312 314 -29.56721523396819
312 315 43.85529605831191
313 311 -0.4259858063248282
313 312 31.437275710714854
313 313 2.4088161064627167
313 314 -35.87933777025618
313 315 6.245217447184104
314 311 30.573113345602884
314 312 -42.45145919586215
314 313 6.242155642208846
314 314 33.1335291646633
314 315 -27.20981997998955
315 311 -9.236417099511659
315 312 -5.244504053081519
315 313 27.93015249365489
315 314 25.204284103998233
315 315 -48.70934023897336
311 316 0.29189989133629546
312 317 0.0009306544923459503
313 318 0.03325649764898453
314 319 0.1779343186469138
315 320 0.05502120842880049
311 310 0.22755838329063094
312 310 0.06515701103720281
313 310 0.017471814554024512
314 310 0.060081397852400804
315 310 0.15351639275046927
316 316 -38.939344675516445
316 317 -45.778034370533746
316 318 0.419251638494006
316 319 10.758327409819897
316 320 54.42411305012385
317 316 49.938372959841004
317 317 -4.187473278782614
317 318 4.753551299818833
317 319 -17.12867374179201
317 320 -24.15052521991117
318 316 29.590724726320204
318 317 -25.44871314924899
318 318 -12.273368242907504
318 319 34.694297727404965
318 320 -6.284672476881663
319 316 -28.92151097106601
319 317 24.83106710380415
319 318 18.482997070543874
319 319 12.953540269842666
319 320 -22.82994702658855
320 316 -31.645706267457005
320 317 22.854276140959602
320 318 -15.030765822253523
320 319 -25.059270137672858
320 320 31.59222706568328
316 321 0.2578667067545172
317 322 0.010008536278621126
318 323 0.04416517293228306
319 324 0.26462783107565024
320 325 0.109400110818214
316 315 0.010090103619463631
317 315 0.2879818936435435
318 315 0.11857971377851521
319 315 0.19111168628050337
320 315 0.2967140916825025
321 321 -4.511524354022203
321 322 24.373963724746716
321 323 -31.346963229006867
321 324 0.30714508188771233
321 325 12.831382966307173
322 321 40.697401890740096
322 322 -3.520617274074759
322 323 32.11682663005134
322 324 -61.31494158448317
322 325 13.449942851419422
323 321 -29.0988632817985
323 322 20.539142581426805
323 323 1.4126914426513626
323 324 26.347534024184302
323 325 -35.703586422103974
324 321 -17.786861250193315
324 322 -29.143840245777668
324 323 18.97830405085858
324 324 15.565146466562974
324 325 7.718256034190826
325 321 26.541361543634334
325 322 -11.824276092727123
325 323 -55.70387591111461
325 324 35.68002034852164
325 325 13.672550971350049
321 326 0.003564464681925039
322 327 0.0642320776082012
323 328 0.08735933538221649
324 329 0.08782415463287459
325 330 0.09242022477783496
321 320 0.2236595730249439
322 320 0.18136494165168227
323 320 0.054332810356196366
324 320 0.1071393630503517
325 320 0.07904958719430373
326 326 41.775762521350316
326 327 -26.12947908247707
326 328 -20.163972498417856
326 329 -0.12967467524146692
326 330 -2.659354788302803
327 326 -18.991364777502135
327 327 15.223868066465585
327 328 -3.5631019534910036
327 329 26.670659061358016
327 330 -14.940778583725422
328 326 -31.71569200746555
328 327 6.679320316464164
328 328 -26.240707185647835
328 329 17.74995763219779
328 330 33.12420100512132
329 326 -19.372484054046087
329 327 54.05490740736127
329 328 -2.346340157278498
329 329 -52.65907564738626
329 330 29.657028937826315
330 326 25.143138105671113
330 327 -24.79290273958918
330 328 46.14597503774108
330 329 -19.877871741226308
330 330 -24.84973583553756
326 331 0.04983296317790096
327 332 0.05431015140369
328 333 0.1265470149031995
329 334 0.22002500734593497
330 335 0.11140318097523953
326 325 0.20877240356693685
327 325 0.18275155363708442
328 325 0.1782264265758611
329 325 0.10933545729638468
330 325 0.18316660321329017
331 331 -39.15054143281336
331 332 34.73373791023579
331 333 9.66531062391309
331 334 25.257615654763054
331 335 -10.960471675797042
332 331 42.08594478965288
332 332 -41.014317445449315
332 333 32.67169041569956
332 334 -21.079349577416885
332 335 -43.49828147105025
333 331 -11.03912320663349
333 332 4.31998354745766
333 333 -20.880187958519794
333 334 -14.515598184637737
333 335 55.50695472255187
334 331 12.781969814388306
334 332 40.44066457178578
334 333 -3.039986630714823
334 334 -17.94036122967818
334 335 -25.861854812254407
335 331 12.295564651216022
335 332 -32.400813417542174
335 333 -12.645532702491995
335 334 19.645853170014387
335 335 3.879005957373364
331 336 0.2848236502054494
332 337 0.03589323580640253
333 338 0.25629987478637767
334 339 0.22575218880539272
335 340 0.2064287176465979
331 330 0.04260623829381722
332 330 0.22949390840101125
333 330 0.1737280408966685
334 330 0.121277465270754
335 330 0.10565025859646779
336 336 33.030890206208866
336 337 -14.81627145700352
336 338 -3.0596267888032136
336 339 14.517568484796014
336 340 -50.3361291553969
337 336 7.924815192932709
337 337 -0.1313967204464214
337 338 -44.17086853496277
337 339 15.068483759179962
337 340 29.135280671439315
338 336 0.21956863267747226
338 337 45.92366533921546
338 338 1.7695897390783617
338 339 -25.02176455729844
338 340 -31.5415845674798
339 336 -40.355214190300785
339 337 -20.243492059403792
339 338 7.367221006713238
339 339 26.097073814500266
339 340 50.415434711696506
340 336 -9.128877790152695
340 337 10.534750492494728
340 338 32.80248104911583
340 339 -36.41288385286607
340 340 8.827471837788101
336 341 0.23945591070502303
337 342 0.13787400870392746
338 343 0.23351261790667455
339 344 0.29503990585460804
340 345 0.05936242683350141
336 335 0.24903535698726778
337 335 0.11025745115666885
338 335 0.04882249467159878
339 335 0.1590216980798975
340 335 0.09733534655970237
341 341 31.123232258108604
341 342 -34.33922749270617
341 343 28.3992101210947
341 344 18.578986498579273
341 345 -50.28553477697682
342 341 4.90426856312422
342 342 20.456624865105873
342 343 1.2297863240899696
342 344 -36.56306893107712
342 345 19.531980331209827
343 341 23.2712716207834
343 342 -15.584995145377265
343 343 -55.67552412846745
343 344 0.5732126733463418
343 345 21.83634388507217
344 341 -61.28332496645447
344 342 18.64838697127369
344 343 8.97579514586424
344 344 14.764596922449726
344 345 35.37388432835002
345 341 7.318621853518471
345 342 21.465017062688485
345 343 -0.3854500730950245
345 344 -0.7239157910661034
345 345 -18.886275098913337
341 346 0.09249255226690715
342 347 0.27526312009913617
343 348 0.14853762686627303
344 349 0.11556152985135686
345 350 0.05905334847515897
341 340 0.14059469316300013
342 340 0.28070021400781314
343 340 0.18626551849395914
344 340 0.0038988113615263885
345 340 0.15451559383676822
346 346 11.955643067901326
346 347 -28.87799346656466
346 348 -15.918689314819957
346 349 6.301076442674181
346 350 42.438859121842356
347 346 -27.436392182794634
347 347 -19.192983021289308
347 348 36.09892432859221
347 349 -15.973375015213433
347 350 34.97960865749141
348 346 -39.52367150591259
348 347 20.45100423064141
348 348 9.806478871930118
348 349 25.13708678426294
348 350 -25.05738421271933
349 346 24.278279770646957
349 347 28.845061586424873
349 348 -22.005333361829578
349 349 -40.96593191092931
349 350 -1.9125587558142223
350 346 32.56932582715924
350 347 17.39778978928827
350 348 -16.753665742938065
350 349 16.016102996493345
350 350 -55.48296512606316
346 351 0.11552571257131292
347 352 0.02008947331707738
348 353 0.2806255000200489
349 354 0.03010449650127973
350 355 0.048958805142143014
346 345 0.04764944927154197
347 345 0.06828325008139122
348 345 0.23606869452079904
349 345 0.07882355579529352
350 345 0.07297783245681862
351 351 -4.277827817612408
351 352 21.992437230110355
351 353 4.023268952961204
351 354 -36.603383068596266
351 355 9.791386525487011
352 351 -36.957049189374324
352 352 -6.795541208542612
352 353 -19.932382830547088
352 354 49.17471527756133
352 355 9.916696246749373
353 351 4.341610572745279
353 352 4.705345331317039
353 353 26.186351317965133
353 354 -6.4695538877903
353 355 -28.07427710364677
354 351 38.88875493814465
354 352 -69.51616941591465
354 353 22.96608145865881
354 354 8.913520382872074
354 355 12.932948479458878
355 351 7.5583077030846315
355 352 40.24951303453374
355 353 -43.665384086443204
355 354 -13.432570574430432
355 355 12.540894759581475
351 356 0.06647594886563857
352 357 0.13118439991065747
353 358 0.06309439755191405
354 359 0.27702143185284717
355 360 0.16560238563735333
351 350 0.03138490380137258
352 350 0.2719962393089661
353 350 0.206223339785674
354 350 0.13547249992321936
355 350 0.025148143784243394
356 356 -18.901968380865178
356 357 -57.09343031708769
356 358 4.114989113226061
356 359 42.22590818382262
356 360 14.860701631774639
357 356 21.6517622066421
357 357 -10.448655875226297
357 358 45.38574615213018
357 359 -42.47519112544681
357 360 -24.86424849241024
358 356 -19.00389560857766
358 357 28.88597271937876
358 358 -8.252214446759345
358 359 -18.960299544574433
358 360 24.920361031747507
359 356 29.590720811175558
359 357 8.559097334117018
359 358 8.238491328376979
359 359 -44.25769915080596
359 360 12.337054216225056
360 356 3.442601121844648
360 357 22.595721453746396
360 358 -28.517512769781572
360 359 32.29868264499218
360 360 -20.692851322355985
356 361 0.21856537584244484
357 362 0.10774897516783107
358 363 0.14149813326903699
359 364 0.21673674515392752
360 365 0.05399689621985968
356 355 0.15376325407919203
357 355 0.2164904864045559
358 355 0.16194810517284516
359 355 0.08592867319383199
360 355 0.2484537993408001
361 361 -28.18030183154682
361 362 16.694526697904273
361 363 60.11115934010065
361 364 -26.295197678562484
361 365 7.213158113325252
362 361 4.581756080974177
362 362 2.396222516153944
362 363 -15.158831913328445
362 364 -19.007207905331448
362 365 26.207008277189153
363 361 10.768091679069078
363 362 -47.649373688685564
363 363 1.2839419985911735
363 364 2.6957255195380805
363 365 15.088789906274672
364 361 -23.606157392462308
364 362 29.989696970050858
364 363 -13.970842811736565
364 364 59.761361970201484
364 365 -35.442834352506225
365 361 12.60060309820163
365 362 36.250717236330146
365 363 -20.936849607551615
365 364 6.346389492921364
365 365 -32.99488492277734
361 366 0.10880715311201299
362 367 0.2323865679754736
363 368 0.042311796395774336
364 369 0.19334019161370672
365 370 0.1277366753773113
361 360 0.18416468848379255
362 360 0.07398141948368038
363 360 0.23614559940390079
364 360 0.2399498576835909
365 360 0.2522767735423298
366 366 -12.803927834640138
366 367 33.357168902957184
366 368 9.415225313621217
366 369 -36.6975734658565
366 370 35.940782261273036
367 366 0.5064515410159018
367 367 -36.50693981172503
367 368 2.9222249424777735
367 369 9.896125320302515
367 370 17.56068210832534
368 366 -9.355643223473113
368 367 -14.703618766438373
368 368 32.98555398503691
368 369 8.807153020660577
368 370 -31.386225739515574
369 366 9.744657757523807
369 367 10.927144239384
369 368 -65.27115541137633
369 369 55.680343951132436
369 370 -23.59733881451651
370 366 24.015694672233373
370 367 32.698542991122736
370 368 -16.367047567241073
370 369 -18.403991794464744
370 370 -16.925857220239077
366 371 0.2791962891489937
367 372 0.08113995445960154
368 373 0.06814075593515623
369 374 0.2204145007795325
370 375 0.16873542609615286
366 365 0.13641118763222046
367 365 0.016246024116797143
368 365 0.11042698964488044
369 365 0.04131617276237149
370 365 0.23295799611057286
371 371 22.630744291951235
371 372 24.08647749692335
371 373 -12.795647439183146
371 374 -41.575531103951334
371 375 -21.731188861184684
372 371 29.15295218331569
372 372 -11.575485238490753
372 373 -36.63922474695806
372 374 65.22751296425955
372 375 -8.75309077940924
373 371 -44.05100532596075
373 372 22.954311131659637
373 373 29.980461747117243
373 374 -10.490562168303702
373 375 -14.042189821083186
374 371 29.299612931785564
374 372 -28.0282203257357
374 373 3.744275878737398
374 374 13.542773593964016
374 375 7.136732694507105
375 371 -24.608261613353022
375 372 -22.274547375993084
375 373 7.539771232628763
375 374 3.6323705236197523
375 375 44.998635681827466
371 376 0.21634284127435469
372 377 0.042911449846243066
373 378 0.2610394065389082
374 379 0.16356401953070523
375 380 0.26522579353329245
371 370 0.13191876239101816
372 370 0.23972236627772334
373 370 0.02874729452109885
374 370 0.1110986976767336
375 370 0.035912873450935696
376 376 -21.558313652947177
376 377 -1.5363765541671208
376 378 -11.14054704604669
376 379 16.638703564365244
376 380 15.346250127049066
377 376 -14.729838945309078
377 377 35.87876336079893
377 378 -23.766882386321157
377 379 -53.27828053726519
377 380 49.619898893180405
378 376 -50.83541885785566
378 377 39.50127808509951
378 378 2.1740127611186764
378 379 14.019763751852356
378 380 -9.960752565958916
379 376 -18.78926485852153
379 377 -3.8719031897496263
379 378 43.58190006803161
379 379 -12.30246293770578
379 380 -12.006352204878638
380 376 46.20918227941748
380 377 -21.740969002530054
380 378 -13.463954481709477
380 379 17.313771644324902
380 380 -17.505892054676167
376 381 0.009057598550033985
377 382 0.16117219944152253
378 383 0.267552703612355
379 384 0.0726129638288542
380 385 0.10406710830688623
376 375 0.07818790618535651
377 375 0.0019311647434084422
378 375 0.13929077615349972
379 375 0.22864184098429727
380 375 0.053515251642909774
381 381 -11.164070481142
381 382 48.73357927050812
381 383 -42.15651670016453
381 384 -1.3588959134524252
381 385 29.391705684407263
382 381 11.258091167323013
382 382 -19.808182177123975
382 383 49.10055173223847
382 384 -20.582533725487323
382 385 -42.014404118901055
383 381 -19.018170484285466
383 382 4.5313822603215055
383 383 -3.847758199647595
383 384 44.24304865340604
383 385 -12.098415652510647
384 381 -0.2527434771992341
384 382 -48.24530946598356
384 383 9.407607835495215
384 384 4.117418073480112
384 385 25.90690308384924
385 381 29.972682567929038
385 382 27.819151709394315
385 383 -13.046836262797541
385 384 -9.007172279206609
385 385 -32.96665135634037
381 386 0.02999216657086181
382 387 0.12596586838348786
383 388 0.0040399798991086035
384 389 0.027577029692643616
385 390 0.24017988479676883
381 380 0.03658020170107421
382 380 0.19071469110716582
383 380 0.09776646904206465
384 380 0.28438191292972387
385 380 0.23801511431297373
386 386 50.528428273819664
386 387 -29.94908668372396
386 388 -36.31055208341909
386 389 -37.694257259691824
386 390 33.727512560693775
387 386 11.071694216696015
387 387 -38.62946340144867
387 388 -1.1081723265330026
387 389 18.425577156757825
387 390 5.687457147676995
388 386 15.335995841338262
388 387 25.603111475978572
388 388 -16.428502301876776
388 389 10.418379533668846
388 390 -35.017015492834396
389 386 -24.81486305749385
389 387 35.35877540278363
389 388 32.40070251809878
389 389 -19.473286950380626
389 390 -11.036185199018828
390 386 -40.2507619008477
390 387 -14.058797836993488
390 388 4.395757069042239
390 389 31.28834263181317
390 390 28.875961270751894
386 391 0.039305498921323956
387 392 0.2938926848913358
388 393 0.08432923101466276
389 394 0.1856108294299039
390 395 0.16146648652208406
386 385 0.2986007800019462
387 385 0.09779076547120044
388 385 0.0621645427449409
389 385 0.05751583818517483
390 385 0.04702847147749978
391 391 -14.969182015290516
391 392 -27.52980879929783
391 393 0.697913425540107
391 394 25.398899561770936
391 395 39.42929185004173
392 391 3.3848562300552154
392 392 44.91538715574104
392 393 -35.08888849660473
392 394 -26.98956317524159
392 395 10.956214499984902
393 391 -46.27185736741129
393 392 31.52444012180827
393 393 -17.69317427043984
393 394 23.49163610811607
393 395 -8.553257062813419
394 391 17.158482941234027
394 392 -24.667133745145282
394 393 12.210536600448002
394 394 15.21352679946307
394 395 -30.373174915691706
395 391 37.87382293715371
395 392 -15.543296949606939
395 393 42.47071710916795
395 394 -39.172909533189774
395 395 -17.1142103579629
391 396 0.1910017720535471
392 397 0.24307121187463285
393 398 0.26452947292844264
394 399 0.07964120897151192
395 400 0.11528481327300671
391 390 0.27444190029927007
392 390 0.12300102245607158
393 390 0.13308775387749033
394 390 0.26436248794070716
395 390 0.15476007588993201
396 396 -37.67016917226748
396 397 1.1450341893927118
396 398 -18.75869011568777
396 399 42.54253601051578
396 400 -4.978233392635246
397 396 -30.346475291822237
397 397 -13.49091243322988
397 398 26.717277573233186
397 399 -20.736772728798243
397 400 38.81399859029619
398 396 53.75316040471981
398 397 28.350080579867488
398 398 -33.351770118947144
398 399 -47.70951506555118
398 400 6.913568111303806
399 396 23.853231553148213
399 397 11.967415629703545
399 398 20.587477621705798
399 399 7.106449389571261
399 400 -47.66011511784508
400 396 0.29371411825952276
400 397 -21.7685936445699
400 398 -0.575598122690476
400 399 21.3220198181134
400 400 -0.5532990439501831
396 401 0.25643555708948446
397 402 0.047215673387828595
398 403 0.17066808171297457
399 404 0.13676360132670276
400 405 0.024754135439239256
396 395 0.019707330475727456
397 395 0.001848697839480451
398 395 0.032192915987790484
399 395 0.1687850048149801
400 395 0.15045240783430594
401 401 -42.485596096811186
401 402 13.935542957109256
401 403 -18.476749198935313
401 404 22.059007573988964
401 405 44.03203409878102
402 401 -11.251491198131573
402 402 26.809249116005525
402 403 -21.379787428284125
402 404 -12.394164259069338
402 405 14.582470899776766
403 401 10.259772372138162
403 402 -4.482131895214563
403 403 51.303272117549355
403 404 -6.1605688195802815
403 405 -50.825664391285706
404 401 13.500424095027059
404 402 -15.670169311998745
404 403 -30.863312225593717
404 404 53.5320150350919
404 405 -6.193193474905774
405 401 18.72564819206916
405 402 -9.977287035982174
405 403 -5.049517323962812
405 404 -43.41726597183012
405 405 20.455439794114323
401 406 0.06094322741218112
402 407 0.23437557697003547
403 408 0.2768517453877468
404 409 0.10138812946542027
405 410 0.18834908161826258
401 400 0.0069279904742521655
402 400 0.014268302264667842
403 400 0.23157688288568354
404 400 0.052017884146871626
405 400 0.11077957107365441
406 406 6.271890844039628
406 407 28.63734388507507
406 408 9.493257766580182
406 409 -25.278246824262723
406 410 -23.042525422745705
407 406 6.616539253438481
407 407 -53.05967860265447
407 408 49.93911960327069
407 409 15.335731554854153
407 410 -14.044577781791705
408 406 5.391276480563895
408 407 15.314474807255023
408 408 -30.528076259354183
408 409 39.65839117945271
408 410 -28.229557553619404
409 406 17.984687309038748
409 407 -18.85324634524271
409 408 6.2220800747782485
409 409 -24.18784590266324
409 410 20.331525485662237
410 406 -27.165750556830645
410 407 26.438299017820906
410 408 -31.357953007496942
410 409 -20.735967373265307
410 410 53.29502898570378
406 411 0.06433980226118505
407 412 0.18514552461756767
408 413 0.03262866086140739
409 414 0.10206615646979357
410 415 0.22705965510150472
406 405 0.14564248608180122
407 405 0.25866213835318086
408 405 0.14770139977101907
409 405 0.06605614057099819
410 405 0.08198975752427314
411 411 55.38735063545223
411 412 -11.843399412570928
411 413 -23.46790151092604
411 414 -13.761683612256789
411 415 5.865377973327679
412 411 -5.632366321920931
412 412 76.51357445821652
412 413 -5.2530539497763495
412 414 -3.9628937814477436
412 415 -48.63923483464556
413 411 -20.592520699287927
413 412 -15.8822573567788
413 413 33.28631647936403
413 414 -29.18485870175276
413 415 25.480909531160695
414 411 -28.066821880400806
414 412 2.7945327878008954
414 413 10.518563856139409
414 414 32.189990687971886
414 415 -25.406480785854406
415 411 -4.485970144995364
415 412 -1.2088880593211717
415 413 -18.071267176172217
415 414 10.419821806446327
415 415 16.409668201748175
411 416 0.04869027760127487
412 417 0.13584844165125365
413 418 0.16059325927910065
414 419 0.045775052968588505
415 420 0.018702039522073364
411 410 0.06459324235872711
412 410 0.019424319658031597
413 410 0.2247439732755508
414 410 0.005844816205390324
415 410 0.06461910507805566
416 416 -1.5387780805554017
416 417 -45.422540718675116
416 418 23.05588361934615
416 419 17.120748376532802
416 420 15.617514397122314
417 416 36.35522655377395
417 417 25.268519863347226
417 418 -17.657580423256853
417 419 2.2353602367246346
417 420 -37.90370246680379
418 416 17.91810621944391
418 417 -5.261602952339288
418 418 -2.7122655220259277
418 419 -23.873722281123392
418 420 23.44715213936335
419 416 -6.309133483264492
419 417 6.301869033568286
419 418 -46.12583265546183
419 419 -11.017332160653053
419 420 46.88739877841408
420 416 -44.447322875424895
420 417 14.58511095420985
420 418 41.06886537613691
420 419 19.66908499398378
420 420 -42.005508228239236
416 421 0.05053121601325352
417 422 0.27177800947322756
418 423 0.25248226803443347
419 424 0.2321040618709005
420 425 0.12974681198142343
416 415 0.14299630462263926
417 415 0.16966881617817572
418 415 0.076090239088511
419 415 0.07372116706638014
420 415 0.12838920979640076
421 421 30.460551731903934
421 422 -24.9543046257242
421 423 17.05038416264138
421 424 -9.137447713152266
421 425 -1.2783760313077257
422 421 -24.43227947843712
422 422 48.431056178042724
422 423 -0.9803628361001837
422 424 -15.686777589277629
422 425 -2.2517344146103087
423 421 -0.16396036190988647
423 422 24.328413029843396
423 423 -47.07588034975636
423 424 25.064360324983305
423 425 -9.701687230219912
424 421 9.066305728013136
424 422 -10.726160013662039
424 423 31.689892011133228
424 424 22.991759567413304
424 425 -44.092819227558024
425 421 -2.63168618042152
425 422 -57.19372819036691
425 423 2.095738536618819
425 424 -12.802780575871507
425 425 55.721008652819485
421 426 0.21520738034828227
422 427 0.20164520761115792
423 428 0.12148443769493486
424 429 0.17940634766830174
425 430 0.24050816675540235
421 420 0.134892970004073
422 420 0.13526829494469866
423 420 0.07283196404476892
424 420 0.06791663093673621
425 420 0.22992595064666413
426 426 -33.13147798244468
426 427 -4.300462639864485
426 428 38.45492987895388
426 429 30.10136206163572
426 430 -22.363737149162723
427 426 -12.888377778989828
427 427 33.481427238879924
427 428 -73.51040320506554
427 429 7.257052444987269
427 430 -3.5326924038796137
428 426 37.41506001812431
428 427 -32.84055570004734
428 428 -8.751293684699524
428 429 3.446967175886474
428 430 8.411097578714188
429 426 12.269304873100735
429 427 -15.85810084644937
429 428 35.41669346464487
429 429 -34.68332280794703
429 430 33.15477869684952
430 426 -0.6573017197064879
430 427 33.4822821701804
430 428 -0.4753454171466394
430 429 -13.671366967648583
430 430 -14.65865804252184
426 431 0.2540986129004716
427 432 0.18911860230352265
428 433 0.2113089626469733
429 434 0.2730507365826411
430 435 0.04103219693760045
426 425 0.12876668557592827
427 425 0.09003124378146156
428 425 0.16349918990256698
429 425 0.1542364360450609
430 425 0.19999606649689786
431 431 6.651728512234183
431 432 5.485412450540785
431 433 -33.50736336648069
431 434 0.7660971178589923
431 435 21.367196589465223
432 431 -40.957610430270236
432 432 56.20208545232734
432 433 -10.280557744067288
432 434 -3.7221916076505166
432 435 -37.53256929215321
433 431 38.38589848567263
433 432 -41.6281717985152
433 433 5.221684966372568
433 434 35.58548485917875
433 435 -13.878863279443786
434 431 -12.351740615776206
434 432 -21.982284677987597
434 433 11.437683137480029
434 434 -10.045846210954553
434 435 52.82210530617486
435 431 12.162680388221807
435 432 5.8528082570859725
435 433 28.98690533662328
435 434 -19.84340461963093
435 435 -33.041307344212775
431 436 0.06784879588541222
432 437 0.2744813934637726
433 438 0.24848964374901716
434 439 0.13279440030281728
435 440 0.11313053449939015
431 430 0.0745434124364109
432 430 0.28509265942363343
433 430 0.02087905565201755
434 430 0.007554640034756987
435 430 0.08681749943767282
436 436 -37.07271030204671
436 437 21.135628137203344
436 438 9.408130574517477
436 439 30.299897832677363
436 440 -21.37359885371248
437 436 -15.213187972836346
437 437 -50.71578690006069
437 438 8.376118717598667
437 439 -10.933547353589148
437 440 47.61647920634049
438 436 -30.652764312315387
438 437 26.781629214960844
438 438 -20.41368552029671
438 439 1.1813039988315053
438 440 8.227202924377213
439 436 18.12530032799227
439 437 24.80039497847784
439 438 41.037016738254565
439 439 -8.27557832740096
439 440 -52.361121129798015
440 436 44.69082436730187
440 437 -16.572851688459494
440 438 -20.383536077893876
440 439 -1.1075929257802242
440 440 7.918067727934722
436 441 0.09374513526599483
437 442 0.22927844858296267
438 443 0.005969304632010885
439 444 0.0026374959577606825
440 445 0.2806995242301533
436 435 0.262894514721654
437 435 0.05173993611210026
438 435 0.23703397134265214
439 435 0.25536022474215475
440 435 0.2520199020087935
441 441 -7.111429527127515
441 442 5.62671791910141
441 443 -41.55567022888916
441 444 55.45657124146559
441 445 12.183283838838852
442 441 -27.913308680350255
442 442 -43.897523908301714
442 443 20.016919584809717
442 444 -4.3953969929371555
442 445 36.82101160713425
443 441 21.006076185791446
443 442 -16.197271086191897
443 443 44.71587586427142
443 444 -36.20575954136543
443 445 -38.708280765610894
444 441 37.64345918427567
444 442 -9.952927269329045
444 443 -12.319792390100481
444 444 -5.965731893536125
444 445 -7.735210825577851
445 441 -7.0066637389524224
445 442 43.049261534076344
445 443 -7.708813943441815
445 444 -11.061183477443548
445 445 -1.5074944889414246
441 446 0.13635745992997972
442 447 0.07164283182183014
443 448 0.191896701985268
444 449 0.26455942539017485
445 450 0.010524071225263287
441 440 0.11877330771623715
442 440 0.25644311673176173
443 440 0.08129215241645664
444 440 0.03731113766292449
445 440 0.04343157117881606
446 446 -32.096918839153034
446 447 21.637389105763024
446 448 15.696923053696558
446 449 -54.82450253952029
446 450 21.983067465832935
447 446 -18.24500677243122
447 447 36.32328202422027
447 448 -46.7934194109063
447 449 20.794150351021578
447 450 15.272794888634664
448 446 32.60184468132499
448 447 2.151402604646656
448 448 -1.5632157350981999
448 449 -22.43033846389299
448 450 -7.284069362344778
449 446 -15.173194713227032
449 447 -18.922097279327105
449 448 32.56662161908716
449 449 17.36231657314899
449 450 -22.660933540235014
450 446 15.821308115568558
450 447 -37.62859608759355
450 448 -7.940974999484692
450 449 57.46523046242199
450 450 3.752319099264647
446 451 0.047308176477855034
447 452 0.2520742680529486
448 453 0.0876917731802038
449 454 0.2904134105599583
450 455 0.2227127020212348
446 445 0.25441825858443073
447 445 0.1177819133622312
448 445 0.1910423360352408
449 445 0.14404611979573156
450 445 0.10013932308409997
451 451 -44.08239173506772
451 452 -28.277541177140268
451 453 47.02896124102818
451 454 35.41020515654579
451 455 -9.48867004222635
452 451 2.106525194804645
452 452 22.034442091834883
452 453 -41.746976375571954
452 454 11.904411309899771
452 455 14.77999757672408
453 451 -6.545738893832918
453 452 58.97617737590047
453 453 -18.376666587067106
453 454 -6.099077698433776
453 455 -40.823757706150374
454 451 10.92617421271543
454 452 -18.080256527220694
454 453 2.9951855016021547
454 454 -22.894396723829498
454 455 30.748389307732715
455 451 41.79361989002391
455 452 1.475380785019825
455 453 -7.335591108507742
455 454 -16.246820799647697
455 455 -20.77007007484606
451 456 0.15088471965055475
452 457 0.08498068576301307
453 458 0.07818042326153693
454 459 0.008757019834070534
455 460 0.2172339376647262
451 450 0.24040831244264063
452 450 0.02266449694259487
453 450 0.06372749412189375
454 450 0.11910639380416126
455 450 0.011682193198068869
456 456 -22.12539690573511
456 457 29.326799329000302
456 458 -56.25671368734818
456 459 27.354913316709126
456 460 22.139482308923704
457 456 -25.964347580947244
457 457 -7.569840333759221
457 458 20.784846070187648
457 459 13.558965773138029
457 460 6.375554016416264
458 456 -14.795565702622884
458 457 -2.412996313353017
458 458 13.919850145423322
458 459 37.2110416452414
458 460 -40.94272205210083
459 456 9.469872526785014
459 457 32.89129925031598
459 458 -12.370213752359307
459 459 -21.802765097866615
459 460 -16.93518698946031
460 456 45.48912508846457
460 457 -34.36488896909932
460 458 10.190465481403793
460 459 -42.60369601827427
460 460 31.63501775700844
456 461 0.004974950480947493
457 462 0.2809608497151243
458 463 0.11658098107553982
459 464 0.16008293897460138
460 465 0.25642825881030124
456 455 0.23376194522880087
457 455 0.05206222096689319
458 455 0.131144341259848
459 455 0.26085510478194907
460 455 0.14027617134535628
461 461 -20.278924133741516
461 462 -0.08805492610340701
461 463 28.10640415871557
461 464 -23.541940227072445
461 465 24.950259516939077
462 461 -33.39319821095155
462 462 -2.2179259178344286
462 463 6.921734490966852
462 464 27.62416099201211
462 465 8.81371089240221
463 461 17.018500582198353
463 462 26.818779327082197
463 463 -20.96126098803425
463 464 2.8285160918224324
463 465 -58.52211733755487
464 461 41.92970363294475
464 462 -49.54480699763592
464 463 26.134705225640218
464 464 -27.84147091886215
464 465 29.642286149432167
465 461 -4.219783987817576
465 462 -5.706898025628718
465 463 -24.956189719313134
465 464 22.044539818011987
465 465 43.59302465827883
461 466 0.20201832228003705
462 467 0.2777225633127611
463 468 0.20465459935745225
464 469 0.05457930039350265
465 470 0.08870094419579684
461 460 0.06389698508227774
462 460 0.04066197933470572
463 460 0.2838975918764581
464 460 0.2973410190112992
465 460 0.07016174266306911
466 466 57.52219885851788
466 467 23.045193706788005
466 468 -3.4456689062036476
466 469 -3.0757510756016013
466 470 -48.99688009997529
467 466 -14.801855297981039
467 467 24.43285227307692
467 468 -12.650148896775532
467 469 -40.64629328865175
467 470 23.706351859131157
468 466 -43.8975815786012
468 467 -16.329383637927354
468 468 41.824734400009206
468 469 -0.7443739339657163
468 470 20.257413383373233
469 466 -12.252997013241883
469 467 7.616117219775666
469 468 -9.10372966275066
469 469 17.717731792700842
469 470 -2.2830559560189094
470 466 4.055904248426062
470 467 -46.9835287002533
470 468 -24.951492398198347
470 469 32.869264352232776
470 470 23.105774202564497
466 471 0.037966470123134144
467 472 0.03749645648903788
468 473 0.2550864578382296
469 474 0.277427605599921
470 475 0.22692510694273227
466 465 0.28926223999077655
467 465 0.28928601998098213
468 465 0.05234903664351391
469 465 0.2816459076731325
470 465 0.010570053703702719
471 471 35.46291198050313
471 472 -23.324408764039568
471 473 18.41239979962856
471 474 -9.234477902892188
471 475 -18.852578021940936
472 471 12.42846439862902
472 472 -26.443698558384643
472 473 19.361817605759672
472 474 -42.69563443331759
472 475 24.982621022059615
473 471 -5.756898503246737
473 472 50.7157831305334
473 473 4.395405622209964
473 474 23.81782901814455
473 475 -62.723681273674856
474 471 -26.320407892240347
474 472 -18.605151148689114
474 473 0.10087116934226817
474 474 42.383175831991444
474 475 10.007590258688932
475 471 -9.23154771845063
475 472 21.094782397976193
475 473 -38.15981370825872
475 474 9.552531323190745
475 475 21.925022701849144
471 476 0.2746123316327245
472 477 0.1486140241517617
473 478 0.1988223246363513
474 479 0.10352681075259615
475 480 0.15595432594054207
471 470 0.14937487953454148
472 470 0.10578376698140521
473 470 0.08455396064641844
474 470 0.07414926578210941
475 470 0.10550387964443328
476 476 19.341593077779475
476 477 -49.216666461356844
476 478 10.155211144797123
476 479 17.298793075907174
476 480 1.579150076704363
477 476 -1.7987217399391386
477 477 -1.4696969481016204
477 478 -14.749780461179343
477 479 -8.360686375515126
477 480 33.69468654540727
478 476 -24.90972566635297
478 477 39.6468247819789
478 478 -66.0881920586885
478 479 21.633463827490708
478 480 -5.931518704305879
479 476 33.75640160548769
479 477 31.10777454375383
479 478 15.772084780260707
479 479 -47.004434129837904
479 480 8.417229423499451
480 476 -7.455160548517306
480 477 -8.605607974757513
480 478 44.579969175007726
480 479 -0.5070313095450683
480 480 -20.75472780171782
476 481 0.18452015942089553
477 482 0.08124474177146465
478 483 0.2852773414924068
479 484 0.1902161382520766
480 485 0.041739813989663595
476 475 0.19002420464109995
477 475 0.1832627580113574
478 475 0.0076226883261092835
479 475 0.20153582143170515
480 475 0.17393420395723794
481 481 21.762617383505795
481 482 19.79747582709363
481 483 -16.835751339870043
481 484 -44.22177643196053
481 485 19.24217949066834
482 481 43.53571840002707
482 482 -28.29988482035142
482 483 -26.998661004403154
482 484 -15.553152526236756
482 485 21.210022826733162
483 481 -33.64133748601376
483 482 -12.880717665882091
483 483 14.2798377815057
483 484 20.240119188560595
483 485 35.72098187960274
484 481 -7.643185664240057
484 482 38.067868723446566
484 483 -12.655897669712038
484 484 7.056108775145073
484 485 -42.16793498747292
485 481 -15.595974148555323
485 482 -26.471819363049725
485 483 42.746263514640546
485 484 32.72054945384348
485 485 -27.574554133782737
481 486 0.13406038148995358
482 487 0.1830749937065644
483 488 0.17821756421643697
484 489 0.09117378493608996
485 490 0.19614964757048667
481 480 0.28656895726805637
482 480 0.07211465827413022
483 480 0.11795298179408224
484 480 0.11723791684556611
485 480 0.22456344607249387
486 486 -5.141630894457037
486 487 -12.099322104108612
486 488 4.004920245929846
486 489 -5.875615181299362
486 490 35.19919759014936
487 486 13.150210233064596
487 487 -15.719063826334846
487 488 55.468419577220224
487 489 -0.5886231736303876
487 490 -53.35008334435346
488 486 58.440522870761406
488 487 19.288874836911667
488 488 1.9400749133927202
488 489 -48.35389442195945
488 490 -12.046324281213979
489 486 -34.43524514548185
489 487 29.004876944413123
489 488 -27.393371487303114
489 489 16.394769182632892
489 490 -5.8496668765201285
490 486 7.830687975559709
490 487 -0.0203859655276636
490 488 -36.04196475502671
490 489 10.93523036274888
490 490 15.376315735564374
486 491 0.0046704522686575435
487 492 0.1949924629020419
488 493 0.18673478961305232
489 494 0.09185264639447151
490 495 0.11766252933696383
486 485 0.2538081225732863
487 485 0.2898628622162333
488 485 0.001445128597029166
489 485 0.12347882486427313
490 485 0.16648432983210018
491 491 -29.050145367360095
491 492 -51.17601316900421
491 493 -25.808212024558753
491 494 42.797649293894
491 495 52.53822725334336
492 491 -18.118956665224687
492 492 50.49948557590903
492 493 -20.802438977060262
492 494 -1.3688887149798894
492 495 -5.6203675322421285
493 491 27.580021222053336
493 492 5.405708755648717
493 493 -32.05114982673179
493 494 -7.177251129082013
493 495 -11.318054241291525
494 491 9.004898032819701
494 492 3.068617484882674
494 493 18.423666083599493
494 494 -23.387103449924698
494 495 1.175747752377674
495 491 -14.846058038645232
495 492 -3.1268751346210135
495 493 54.01320892542605
495 494 11.409597829610629
495 495 -23.632246275113513
491 496 0.1219137091168714
492 497 0.17740225140923963
493 498 0.02561428708983804
494 499 0.19564431423720544
495 500 0.1441359998584252
491 490 0.016057066405579513
492 490 0.039605992228758755
493 490 0.13510666157191112
494 490 0.0686562671293531
495 490 0.06538333478010751
496 496 -25.549529344500606
496 497 -61.091523900677224
496 498 7.550820332064031
496 499 -1.2922896383572944
496 500 41.00439765531917
497 496 -6.517835512706422
497 497 10.427692107789513
497 498 13.727499892195912
497 499 31.397346184096158
497 500 -48.80620612340992
498 496 45.01544952625424
498 497 -10.200677100797432
498 498 15.302125093090977
498 499 -46.25756284301048
498 500 -0.6460458883929474
499 496 -24.301115762835853
499 497 40.05990489044198
499 498 -12.954087779253722
499 499 13.766306999940934
499 500 3.9735248780747376
500 496 11.13690241062101
500 497 24.519167109145148
500 498 -23.592449329180944
500 499 22.507047767321346
500 500 -13.518715644748823
496 495 0.2685870394447268
497 495 0.2909763322248298
498 495 0.00017065404739395883
499 495 0.062400742863697276
500 495 0.0062615282159742104
