Tablica	MergeSort-Porownania	MergeSort-Przestawienia	MergeSort-Czas	MergeSort-c/n	MergeSort-s/n	QuickSort-Porownania	QuickSort-Przestawienia	QuickSort-Czas	QuickSort-c/n	QuickSort-s/n	Dual-pivotQuickSort-Porownania	Dual-pivotQuickSort-Przestawienia	Dual-pivotQuickSort-Czas	Dual-pivotQuickSort-c/n	Dual-pivotQuickSort-s/n	Hybrid-Porownania	Hybrid-Przestawienia	Hybrid-Czas	Hybrid-c/n	Hybrid-s/n
100	541	672	0.001	5	6	383	185	0	3	1	593	452	0	5	4	383	185	0	3	1
200	1272	1544	0	6	7	1083	423	0	5	2	1541	1197	0	7	5	1083	423	0	5	2
300	2090	2488	0	6	8	1806	656	0	6	2	2323	1543	0	7	5	1806	656	0	6	2
400	2964	3488	0	7	8	2397	916	0	5	2	3546	2287	0	8	5	2397	916	0	5	2
500	3850	4488	0	7	8	3335	1158	0	6	2	4802	3354	0.015	9	6	3335	1158	0.001	6	2
600	4794	5576	0	7	9	4432	1472	0	7	2	5419	3355	0	9	5	4432	1472	0	7	2
700	5756	6676	0	8	9	5145	1717	0	7	2	6571	4259	0	9	6	5145	1717	0.016	7	2
800	6747	7776	0.001	8	9	5577	2023	0	6	2	7673	5137	0	9	6	5577	2023	0.007	6	2
900	7700	8876	0.001	8	9	7183	2257	0	7	2	9546	5914	0	10	6	7183	2257	0	7	2
1000	8692	9976	0	8	9	8954	2556	0.016	8	2	9994	6409	0.003	9	6	8954	2556	0	8	2
1100	9762	11152	0	8	10	8018	2914	0	7	2	11600	7486	0	10	6	8018	2914	0.016	7	2
1200	10817	12352	0.001	9	10	10699	3114	0	8	2	12492	7200	0	10	6	10699	3114	0	8	2
1300	11825	13552	0.021	9	10	10462	3484	0.001	8	2	13958	8411	0	10	6	10467	3505	0	8	2
1400	12899	14752	0	9	10	10473	3814	0.017	7	2	15288	10037	0	10	7	10473	3814	0	7	2
1500	13959	15952	0	9	10	12422	4084	0.016	8	2	15661	9742	0	10	6	12422	4084	0	8	2
1600	15037	17152	0.017	9	10	12753	4404	0.001	7	2	16719	10533	0	10	6	12753	4404	0	7	2
1700	16120	18352	0.017	9	10	15098	4642	0	8	2	18507	12271	0	10	7	15098	4642	0.016	8	2
1800	17255	19552	0	9	10	15897	4982	0.017	8	2	19509	12301	0	10	6	15897	4982	0	8	2
1900	18327	20752	0.016	9	10	15207	5312	0	8	2	22578	12213	0	11	6	15207	5312	0.016	8	2
2000	19424	21952	0	9	10	16248	5702	0	8	2	22501	14842	0.016	11	7	16248	5702	0	8	2
2100	20572	23204	0.016	9	11	17322	5955	0	8	2	23408	13998	0.015	11	6	17322	5955	0	8	2
2200	21672	24504	0.016	9	11	17121	6417	0	7	2	26553	15010	0	12	6	17121	6417	0.015	7	2
2300	22827	25804	0	9	11	18536	6701	0.016	8	2	29020	16955	0	12	7	18536	6701	0.016	8	2
2400	23982	27104	0.007	9	11	18841	7044	0	7	2	28396	18137	0.017	11	7	18841	7044	0	7	2
2500	25131	28404	0.016	10	11	20907	7238	0	8	2	28092	15611	0.016	11	6	20907	7238	0.001	8	2
2600	26268	29704	0.016	10	11	25296	7618	0.001	9	2	30359	18331	0.016	11	7	25296	7618	0.001	9	2
2700	27465	31004	0.015	10	11	22111	8012	0	8	2	35023	21263	0.016	12	7	22111	8012	0	8	2
2800	28600	32304	0.015	10	11	23646	8351	0	8	2	32884	20285	0.016	11	7	23646	8351	0	8	2
2900	29810	33604	0.017	10	11	24478	8646	0.015	8	2	34549	19677	0	11	6	24478	8646	0.016	8	2
3000	30927	34904	0.016	10	11	27356	8901	0	9	2	37810	23025	0.016	12	7	27356	8901	0	9	2
3100	32104	36204	0.016	10	11	29910	9158	0.016	9	2	36978	20824	0	11	6	29910	9158	0.015	9	2
3200	33307	37504	0.017	10	11	27173	9648	0	8	3	37346	24150	0.017	11	7	27173	9648	0	8	3
3300	34469	38804	0.015	10	11	28181	9905	0.016	8	3	39897	24538	0.016	12	7	28181	9905	0	8	3
3400	35738	40104	0.015	10	11	28698	10275	0.016	8	3	44077	25356	0.015	12	7	28698	10275	0	8	3
3500	36853	41404	0.018	10	11	31826	10548	0.016	9	3	45361	23997	0	12	6	31826	10548	0.015	9	3
3600	38032	42704	0.016	10	11	32414	10942	0.016	9	3	43242	26304	0.015	12	7	32414	10942	0	9	3
3700	39253	44004	0.02	10	11	35105	11161	0	9	3	45451	26677	0.021	12	7	35105	11161	0.015	9	3
3800	40389	45304	0.016	10	11	35710	11542	0.017	9	3	48862	29050	0.015	12	7	35710	11542	0	9	3
3900	41675	46604	0.016	10	11	36107	11904	0.015	9	3	49687	27976	0.017	12	7	36107	11904	0	9	3
4000	42826	47904	0.037	10	11	43068	12078	0.027	10	3	53635	33234	0.005	13	8	43068	12078	0.016	10	3
4100	43974	49208	0.019	10	12	36040	12702	0.014	8	3	50140	29941	0.017	12	7	36040	12702	0	8	3
4200	45216	50608	0.034	10	12	41050	12931	0.015	9	3	50629	31374	0.018	12	7	41050	12931	0.017	9	3
4300	46411	52008	0.032	10	12	40970	13201	0	9	3	53176	33839	0.016	12	7	40970	13201	0.017	9	3
4400	47727	53408	0.031	10	12	43955	13454	0.016	9	3	55566	33905	0.031	12	7	43955	13454	0	9	3
4500	49050	54808	0.032	10	12	42589	13958	0.008	9	3	56771	33163	0.016	12	7	42589	13958	0.017	9	3
4600	50263	56208	0.016	10	12	45162	14289	0.017	9	3	57181	35545	0.016	12	7	45162	14289	0.015	9	3
4700	51479	57608	0.016	10	12	43920	14579	0.015	9	3	58317	39083	0.017	12	8	43920	14579	0.017	9	3
4800	52709	59008	0.031	10	12	43952	15141	0	9	3	59698	36738	0.031	12	7	43952	15141	0	9	3
4900	54018	60408	0.031	11	12	45592	15354	0.016	9	3	64598	38006	0.016	13	7	45592	15354	0.015	9	3
5000	55228	61808	0.016	11	12	45189	15746	0.016	9	3	67991	36418	0.015	13	7	45189	15746	0.017	9	3
5100	56432	63208	0.031	11	12	46575	16146	0	9	3	63834	36328	0.033	12	7	46575	16146	0.015	9	3
5200	57718	64608	0.017	11	12	50462	16500	0.016	9	3	68166	44126	0.015	13	8	50462	16500	0.034	9	3
5300	58975	66008	0.022	11	12	47738	16933	0.017	9	3	71134	42960	0.018	13	8	47738	16933	0.016	9	3
5400	60292	67408	0.033	11	12	45114	17393	0.017	8	3	69115	37131	0.017	12	6	45114	17393	0.015	8	3
5500	61532	68808	0.067	11	12	54246	17441	0.015	9	3	72167	45478	0.016	13	8	54246	17441	0.017	9	3
5600	62748	70208	0.032	11	12	55336	17827	0.015	9	3	74419	44828	0.033	13	8	55336	17827	0.015	9	3
5700	64067	71608	0.033	11	12	52620	18412	0	9	3	77165	41155	0.031	13	7	52620	18412	0.016	9	3
5800	65279	73008	0.031	11	12	57233	18724	0.016	9	3	76453	48535	0.033	13	8	57233	18724	0.015	9	3
5900	66604	74408	0.033	11	12	57789	18963	0.033	9	3	74954	46658	0.031	12	7	57789	18963	0.015	9	3
6000	67806	75808	0.032	11	12	60515	19051	0.015	10	3	79679	49114	0.032	13	8	60515	19051	0.032	10	3
6100	69135	77208	0.016	11	12	59465	19642	0.015	9	3	81560	47925	0.031	13	7	59465	19642	0.017	9	3
6200	70481	78608	0.031	11	12	60052	19987	0.016	9	3	82453	45253	0.032	13	7	60052	19987	0.017	9	3
6300	71587	80008	0.047	11	12	65201	20288	0.017	10	3	84483	50276	0.031	13	7	65201	20288	0.015	10	3
6400	73022	81408	0.04	11	12	68736	20457	0.017	10	3	85428	47832	0.021	13	7	68736	20457	0.016	10	3
6500	74172	82808	0.032	11	12	63400	20928	0.031	9	3	85377	50885	0.032	13	7	63400	20928	0.015	9	3
6600	75583	84208	0.031	11	12	63534	21435	0.016	9	3	89465	51893	0.032	13	7	63534	21435	0.016	9	3
6700	76879	85608	0.031	11	12	62821	21930	0.016	9	3	90264	52267	0.032	13	7	62821	21930	0.016	9	3
6800	78082	87008	0.031	11	12	68644	21968	0.017	10	3	93711	55416	0.031	13	8	68644	21968	0.016	10	3
6900	79355	88408	0.032	11	12	67680	22553	0.02	9	3	98701	52562	0.033	14	7	67680	22553	0.015	9	3
7000	80658	89808	0.034	11	12	70515	22936	0.016	10	3	104382	57248	0.047	14	8	70515	22936	0.016	10	3
7100	82017	91208	0.031	11	12	76200	23091	0.032	10	3	93733	53338	0.016	13	7	76200	23091	0.031	10	3
7200	83299	92608	0.031	11	12	73875	23645	0.016	10	3	94805	56806	0.033	13	7	73875	23645	0.016	10	3
7300	84532	94008	0.051	11	12	70622	24127	0.015	9	3	101636	60478	0.032	13	8	70622	24127	0.015	9	3
7400	85769	95408	0.031	11	12	72184	24413	0.022	9	3	104366	59151	0.035	14	7	72184	24413	0.033	9	3
7500	87184	96808	0.032	11	12	71792	24703	0.017	9	3	105108	61628	0.046	14	8	71792	24703	0.016	9	3
7600	88467	98208	0.031	11	12	75109	25138	0.032	9	3	103529	59005	0.032	13	7	75109	25138	0.016	9	3
7700	89724	99608	0.031	11	12	73635	25435	0.031	9	3	108651	65056	0.031	14	8	73635	25435	0.016	9	3
7800	91086	101008	0.047	11	12	74611	25676	0.016	9	3	109185	68310	0.032	13	8	74611	25676	0.015	9	3
7900	92358	102408	0.04	11	12	80832	26201	0.034	10	3	107297	63799	0.033	13	8	80832	26201	0.032	10	3
8000	93750	103808	0.032	11	12	76518	26686	0.015	9	3	113918	66360	0.047	14	8	76518	26686	0.016	9	3
8100	95005	105208	0.047	11	12	81515	26827	0.016	10	3	113568	64445	0.032	14	7	81515	26827	0.031	10	3
8200	96219	106616	0.047	11	13	82576	27227	0.024	10	3	115714	71197	0.046	14	8	82576	27227	0.032	10	3
8300	97550	108116	0.066	11	13	82281	27565	0.038	9	3	117689	66229	0.046	14	7	82281	27565	0.017	9	3
8400	98853	109616	0.061	11	13	84145	28087	0.015	10	3	118140	65492	0.047	14	7	84145	28087	0.015	10	3
8500	100306	111116	0.057	11	13	95212	28099	0.032	11	3	121355	73924	0.033	14	8	95212	28099	0.046	11	3
8600	101560	112616	0.059	11	13	93219	28731	0.034	10	3	114716	62472	0.033	13	7	93219	28731	0.017	10	3
8700	102933	114116	0.048	11	13	91071	29113	0.031	10	3	125217	73239	0.044	14	8	91071	29113	0.016	10	3
8800	104201	115616	0.047	11	13	91885	29168	0.031	10	3	129333	68010	0.031	14	7	91885	29168	0.035	10	3
8900	105666	117116	0.048	11	13	89893	29819	0.017	10	3	131764	79615	0.049	14	8	89893	29819	0.032	10	3
9000	107000	118616	0.047	11	13	95331	30291	0.024	10	3	124418	78753	0.05	13	8	95331	30291	0.033	10	3
9100	108330	120116	0.047	11	13	93954	30588	0.031	10	3	134714	75600	0.047	14	8	93954	30588	0.016	10	3
9200	109675	121616	0.047	11	13	94393	30935	0.031	10	3	128739	77462	0.031	13	8	94393	30935	0.031	10	3
9300	110963	123116	0.047	11	13	97739	30890	0.033	10	3	132794	71080	0.031	14	7	97739	30890	0.04	10	3
9400	112275	124616	0.036	11	13	105895	31263	0.032	11	3	135410	75059	0.049	14	7	105895	31263	0.017	11	3
9500	113788	126116	0.047	11	13	93654	32258	0.032	9	3	141340	82895	0.051	14	8	93654	32258	0.031	9	3
9600	114978	127616	0.049	11	13	93893	32708	0.017	9	3	129724	73511	0.042	13	7	93893	32708	0.034	9	3
9700	116353	129116	0.05	11	13	113350	32317	0.031	11	3	142447	79717	0.042	14	8	113350	32317	0.031	11	3
9800	117704	130616	0.047	12	13	104793	33059	0.032	10	3	145355	83454	0.047	14	8	104793	33059	0.031	10	3
9900	119053	132116	0.05	12	13	114529	32908	0.031	11	3	141360	80031	0.031	14	8	114529	32908	0.031	11	3
10000	120466	133616	0.063	12	13	112606	33722	0.031	11	3	144184	80924	0.033	14	8	112606	33722	0.033	11	3
