Tablica	Insertion Sort Porownania	Insertion Sort Przestawienia	Insertion Sort Czas	Insertion Sort c/n	Insertion Sort s/n	Merge Sort Porownania	Merge Sort Przestawienia	Merge Sort Czas	Merge Sort c/n	Merge Sort s/n	Quick Sort Porownania	Quick Sort Przestawienia	Quick Sort Czas	Quick Sort c/n	Quick Sort s/n	Dual-pivot Quick Sort Porownania	Dual-pivot Quick Sort Przestawienia	Dual-pivot Quick Sort Czas	Dual-pivot Quick Sort c/n	Dual-pivot Quick Sort s/n
100	4950	2195	0,26	49	21	5484	3539	0,07	54,00	35,00	5883,00	3722,00	0,02	58,00	37,00	6517,00	4217,00	0,07	65,00	42,00
200	26417	13774	1,00	132	68	27692	16862	0,15	138,00	84,00	28938,00	17266,00	0,06	144,00	86,00	30330,00	18207,00	0,14	151,00	91,00
300	75180	41647	2,46	250	138	77263	46623	0,22	257,00	155,00	79030,00	47283,00	0,07	263,00	157,00	81410,00	49003,00	0,23	271,00	163,00
400	161210	87949	4,07	403	219	164171	94925	0,31	410,00	237,00	166519,00	95828,00	0,09	416,00	239,00	169920,00	98138,00	0,33	424,00	245,00
500	294670	160697	5,70	589	321	298515	169673	0,40	597,00	339,00	303224,00	170815,00	0,18	606,00	341,00	307655,00	173772,00	0,44	615,00	347,00
600	487355	260855	7,70	812	434	492126	272007	0,38	820,00	453,00	496006,00	273434,00	0,13	826,00	455,00	501883,00	277016,00	0,50	836,00	461,00
700	746533	401304	9,59	1066	573	752274	414656	0,44	1074,00	592,00	758086,00	416364,00	0,18	1082,00	594,00	764778,00	420631,00	0,57	1092,00	600,00
800	1084378	575821	12,48	1355	719	1091079	591373	0,53	1363,00	739,00	1097532,00	593359,00	0,20	1371,00	741,00	1105774,00	598313,00	0,67	1382,00	747,00
900	1510324	806816	15,68	1678	896	1518052	824568	0,66	1686,00	916,00	1524252,00	826881,00	0,22	1693,00	918,00	1533118,00	832748,00	0,78	1703,00	925,00
1000	2032618	1081501	19,38	2032	1081	2041326	1101453	0,73	2041,00	1101,00	2050697,00	1104010,00	0,30	2050,00	1104,00	2061452,00	1110823,00	0,94	2061,00	1110,00
1100	2665902	1402425	23,17	2423	1274	2675651	1424729	0,84	2432,00	1295,00	2683828,00	1427609,00	0,28	2439,00	1297,00	2694778,00	1435252,00	1,03	2449,00	1304,00
1200	3414178	1805134	32,46	2845	1504	3424983	1829838	1,15	2854,00	1524,00	3433598,00	1833070,00	0,37	2861,00	1527,00	3446414,00	1841244,00	1,24	2872,00	1534,00
1300	4290764	2260097	39,79	3300	1738	4302587	2287201	1,23	3309,00	1759,00	4314118,00	2290743,00	0,48	3318,00	1762,00	4328799,00	2300703,00	1,49	3329,00	1769,00
1400	5308099	2793565	46,25	3791	1995	5320948	2823069	1,34	3800,00	2016,00	5332008,00	2826848,00	0,46	3808,00	2019,00	5347192,00	2835586,00	1,40	3819,00	2025,00
1500	6471442	3381334	51,74	4314	2254	6485372	3413238	1,46	4323,00	2275,00	6496613,00	3417344,00	0,50	4331,00	2278,00	6513008,00	3427123,00	1,55	4342,00	2284,00
1600	7792208	4067804	61,16	4870	2542	7807275	4102108	1,56	4879,00	2563,00	7819382,00	4106546,00	0,52	4887,00	2566,00	7837483,00	4117905,00	1,74	4898,00	2573,00
1700	9281633	4825411	67,86	5459	2838	9297765	4862115	1,61	5469,00	2860,00	9313073,00	4866824,00	0,60	5478,00	2862,00	9332225,00	4878812,00	1,83	5489,00	2869,00
1800	10951325	5693531	74,42	6084	3163	10968538	5732635	1,72	6093,00	3184,00	10982710,00	5737679,00	0,59	6101,00	3187,00	11003869,00	5748662,00	1,85	6113,00	3193,00
1900	12807919	6630309	81,78	6741	3489	12826210	6671813	1,83	6750,00	3511,00	12842535,00	6677086,00	0,67	6759,00	3514,00	12863557,00	6690385,00	1,97	6770,00	3521,00
2000	14862557	7677616	90,79	7431	3838	14881945	7721520	1,92	7440,00	3860,00	14897890,00	7727190,00	0,67	7448,00	3863,00	14920174,00	7740664,00	2,06	7460,00	3870,00
2100	17124124	8852459	100,89	8154	4215	17144669	8898867	1,97	8164,00	4237,00	17161428,00	8904904,00	0,70	8172,00	4240,00	17186260,00	8921322,00	2,38	8183,00	4248,00
2200	19605160	10154217	110,72	8911	4615	19626829	10203225	2,05	8921,00	4637,00	19647007,00	10209529,00	0,78	8930,00	4640,00	19672567,00	10224658,00	2,24	8942,00	4647,00
2300	22316417	11535202	120,46	9702	5015	22339228	11586810	2,24	9712,00	5037,00	22359746,00	11593437,00	0,83	9721,00	5040,00	22386809,00	11610381,00	2,51	9733,00	5047,00
2400	25265609	13035849	131,27	10527	5431	25289611	13090057	2,40	10537,00	5454,00	25310358,00	13096949,00	0,84	10545,00	5457,00	25338039,00	13113567,00	2,55	10557,00	5463,00
2500	28461789	14686307	143,06	11384	5874	28486882	14743115	2,51	11394,00	5897,00	28508338,00	14750430,00	0,89	11403,00	5900,00	28541841,00	14770236,00	3,03	11416,00	5908,00
2600	31920541	16482729	154,67	12277	6339	31946832	16542137	2,61	12287,00	6362,00	31969951,00	16549749,00	0,94	12296,00	6365,00	32002502,00	16568321,00	2,91	12308,00	6372,00
2700	35646152	18424107	167	13202	6823	35673550	18486115	2,78	13212,00	6846,00	35700565,00	18493991,00	1,13	13222,00	6849,00	35732286,00	18512481,00	2,77	13234,00	6856,00
2800	39650886	20474983	178,67	14161	7312	39679458	20539591	2,82	14171,00	7335,00	39705505,00	20547757,00	1,04	14180,00	7338,00	39740750,00	20567217,00	3,13	14193,00	7345,00
2900	43944300	22676181	1763,73	15153	7819	43974003	22743389	3,05	15163,00	7842,00	43998139,00	22752043,00	1,04	15171,00	7845,00	44034051,00	22774437,00	3,43	15184,00	7853,00
3000	48532551	25016513	212,10	16177	8338	48563462	25086321	3,17	16187,00	8362,00	48588629,00	25095236,00	1,07	16196,00	8365,00	48623610,00	25116179,00	3,31	16207,00	8372,00
3100	53427060	27475012	220,18	17234	8862	53459172	27547420	3,24	17244,00	8886,00	53487484,00	27556525,00	1,14	17254,00	8889,00	53523802,00	27578244,00	3,34	17265,00	8896,00
3200	58642202	30194355	238,51	18325	9435	58675521	30269363	3,33	18336,00	9459,00	58703137,00	30278975,00	1,13	18344,00	9462,00	58743323,00	30300698,00	3,59	18357,00	9468,00
3300	64186673	33015644	250,46	19450	10004	64221079	33093252	3,43	19460,00	10028,00	64252041,00	33103119,00	1,24	19470,00	10031,00	64295068,00	33126677,00	3,82	19483,00	10038,00
3400	70073368	36007331	268,78	20609	10590	70109034	36087539	3,64	20620,00	10613,00	70141289,00	36097684,00	1,31	20629,00	10616,00	70184584,00	36123189,00	4,04	20642,00	10624,00
3500	76307834	39146805	286,84	21802	11184	76344693	39229613	3,64	21812,00	11208,00	76377270,00	39240180,00	1,31	21822,00	11211,00	76419352,00	39266437,00	3,93	21834,00	11218,00
3600	82897552	42502466	298,41	23027	11806	82935491	42587874	3,82	23037,00	11829,00	82971505,00	42598635,00	1,43	23047,00	11832,00	83014354,00	42624317,00	3,98	23059,00	11840,00
3700	89857504	46085790	315,78	24285	12455	89896672	46173798	3,93	24296,00	12479,00	89929487,00	46185087,00	1,36	24305,00	12482,00	89978810,00	46214747,00	4,56	24318,00	12490,00
3800	97196910	49792834	330,66	25578	13103	97237298	49883442	3,99	25588,00	13127,00	97269698,00	49895038,00	1,32	25597,00	13130,00	97319591,00	49924188,00	4,54	25610,00	13137,00
3900	104922641	53719262	348,48	26903	13774	104964269	53812470	4,13	26913,00	13798,00	104999462,00	53824519,00	1,43	26922,00	13801,00	105049375,00	53851837,00	4,46	26935,00	13808,00
4000	113047375	57944431	428,26	28261	14486	113090126	58040239	4,37	28272,00	14510,00	113126537,00	58052543,00	1,53	28281,00	14513,00	113175664,00	58083418,00	4,66	28293,00	14520,00
4100	121578614	62230409	389,78	29653	15178	121622653	62328825	4,26	29664,00	15202,00	121660251,00	62341527,00	1,52	29673,00	15205,00	121712719,00	62369836,00	4,45	29686,00	15212,00
4200	130530619	66739876	424,13	31078	15890	130575882	66841092	4,79	31089,00	15914,00	130613018,00	66854045,00	1,96	31098,00	15917,00	130665685,00	66885644,00	5,44	31110,00	15925,00
