Tablica	Insertion Sort Porownania	Insertion Sort Przestawienia	Insertion Sort Czas	Insertion Sort c/n	Insertion Sort s/n	Merge Sort Porownania	Merge Sort Przestawienia	Merge Sort Czas	Merge Sort c/n	Czas	Merge Sort s/n	Quick Sort Porownania	Quick Sort Przestawienia	Quick Sort Czas	Quick Sort c/n	Czas	Quick Sort s/n	Dual-pivot Quick Sort Porownania	Dual-pivot Quick Sort Przestawienia	Dual-pivot Quick Sort Czas	Dual-pivot Quick Sort c/n	Dual-pivot Quick Sort s/n
100	544	1344	0.066	5	13	619	174	0.027	6	1	662	498	0.037	6	4
200	1279	3088	0.147	6	15	946	408	0.046	4	2	1569	1056	0.091	7	5
300	2101	4976	0.235	7	16	1538	679	0.076	5	2	2571	1548	0.135	8	5
400	2979	6976	0.346	7	17	2449	907	0.116	6	2	3375	2620	0.199	8	6
500	3864	8976	0.428	7	17	2914	1216	0.139	5	2	4484	2985	0.251	8	5
600	4785	11152	0.536	7	18	4271	1439	0.192	7	2	6242	3859	0.339	10	6
700	5746	13352	0.637	8	19	4706	1747	0.218	6	2	6959	4440	0.381	9	6
800	6709	15552	0.744	8	19	6052	2012	0.272	7	2	8278	5235	0.449	10	6
900	7720	17752	0.857	8	19	5913	2327	0.276	6	2	8832	5379	0.479	9	5
1000	8707	19952	0.969	8	19	7038	2583	0.303	7	2	10105	6298	0.446	10	6
1100	9740	22304	0.964	8	20	7822	2898	0.341	7	2	11239	7308	0.482	10	6
1200	10784	24704	0.863	8	20	8212	3232	0.283	6	2	12021	8126	0.499	10	6
1300	11839	27104	0.954	9	20	11507	3455	0.362	8	2	14096	8741	0.55	10	6
1400	12867	29504	1.14	9	21	10274	3796	0.368	7	2	14589	9509	0.65	10	6
1500	13955	31904	1.18	9	21	12505	4111	0.401	8	2	15678	9707	0.613	10	6
1600	15037	34304	1.19	9	21	12845	4439	0.422	8	2	17596	10716	0.68	10	6
1700	16119	36704	1.274	9	21	13272	4721	0.431	7	2	19954	11362	0.754	11	6
1800	17221	39104	1.356	9	21	14744	4997	0.482	8	2	21222	13844	0.85	11	7
1900	18319	41504	1.561	9	21	16540	5262	0.532	8	2	20763	13471	0.827	10	7
2000	19402	43904	1.525	9	21	16902	5643	0.543	8	2	22746	14067	0.891	11	7
2100	20512	46408	1.623	9	22	17520	5966	0.571	8	2	23798	13665	0.898	11	6
2200	21695	49008	1.706	9	22	18397	6274	0.596	8	2	26842	16421	1.044	12	7
2300	22819	51608	1.799	9	22	20372	6568	0.653	8	2	25943	16062	1.045	11	6
2400	23952	54208	1.937	9	22	18657	7032	0.676	7	2	28389	16828	1.172	11	7
2500	25108	56808	1.997	10	22	20501	7270	0.67	8	2	30715	18261	1.185	12	7
2600	26233	59408	2.124	10	22	24572	7495	0.773	9	2	31307	21096	1.263	12	8
2700	27424	62008	2.152	10	22	24501	7854	0.787	9	2	33341	19224	1.284	12	7
2800	28646	64608	2.528	10	23	24961	8250	0.836	8	2	33325	21125	1.366	11	7
2900	29704	67208	2.471	10	23	25278	8629	0.856	8	2	33772	22507	1.576	11	7
3000	30901	69808	2.648	10	23	27172	8898	0.909	9	2	36602	22098	1.48	12	7
3100	32083	72408	2.69	10	23	32480	9090	1.047	10	2	37536	23205	1.6	12	7
3200	33237	75008	2.73	10	23	26714	9585	0.901	8	2	41919	22666	1.558	13	7
3300	34467	77608	2.709	10	23	29389	10033	0.951	8	3	39581	23710	1.523	11	7
3400	35673	80208	2.792	10	23	31219	10248	1.001	9	3	42488	26445	1.662	12	7
3500	36870	82808	2.879	10	23	34535	10520	1.083	9	3	42858	24560	1.621	12	7
3600	37958	85408	2.966	10	23	30679	10946	0.998	8	3	44045	27658	1.724	12	7
3700	39230	88008	3.1	10	23	33756	11217	1.364	9	3	48726	25476	2.349	13	6
3800	40394	90608	4.095	10	23	32559	11655	1.377	8	3	48351	27038	2.369	12	7
3900	41593	93208	4.301	10	23	34866	11971	1.455	8	3	47186	28877	2.361	12	7
4000	42779	95808	4.299	10	23	35267	12229	1.476	8	3	51363	32528	2.595	12	8
4100	43995	98416	4.42	10	24	37258	12619	1.549	9	3	54193	31715	2.677	13	7
4200	45296	101216	4.679	10	24	40070	12831	1.56	9	3	52892	29788	2.585	12	7
4300	46513	104016	4.734	10	24	41747	13288	1.72	9	3	55399	32489	2.773	12	7
4400	47777	106816	4.879	10	24	41841	13589	1.71	9	3	57333	31737	2.87	13	7
4500	48997	109616	4.976	10	24	42550	13978	1.743	9	3	56351	35783	2.94	12	7
4600	50262	112416	4.796	10	24	38404	14374	1.559	8	3	58599	34900	2.811	12	7
4700	51514	115216	5.254	10	24	48293	14527	2.012	10	3	60266	36244	3.069	12	7
4800	52739	118016	5.444	10	24	44290	15024	1.988	9	3	58864	38372	3.08	12	7
4900	53914	120816	5.471	11	24	43996	15507	1.874	8	3	63863	35505	3.188	13	7
5000	55195	123616	5.659	11	24	45130	15739	1.881	9	3	74072	40973	3.579	14	8
5100	56477	126416	5.609	11	24	50127	16168	1.978	9	3	65887	39972	3.154	12	7
5200	57713	129216	5.722	11	24	60479	16134	2.668	11	3	65508	41679	3.286	12	8
5300	59002	132016	5.695	11	24	48258	16805	1.947	9	3	71425	39836	3.316	13	7
5400	60221	134816	5.821	11	24	51427	17180	2.056	9	3	71935	42219	3.396	13	7
5500	61481	137616	5.935	11	25	60102	17178	2.309	10	3	74612	44244	3.535	13	8
5600	62746	140416	6.064	11	25	61675	17776	2.376	11	3	69034	39082	3.223	12	6
5700	64038	143216	6.191	11	25	53500	18373	2.147	9	3	76037	45904	3.79	13	8
5800	65326	146016	6.333	11	25	55268	18556	2.238	9	3	73326	45644	3.505	12	7
5900	66539	148816	6.345	11	25	57795	18835	2.255	9	3	77860	51666	3.794	13	8
6000	67796	151616	6.451	11	25	62459	19303	2.581	10	3	76632	49525	4.074	12	8
6100	69173	154416	7.001	11	25	59458	19561	2.474	9	3	82858	49862	4.177	13	8
6200	70430	157216	7.109	11	25	68055	19641	2.749	10	3	83305	49808	4.047	13	8
6300	71709	160016	6.881	11	25	59225	20366	2.36	9	3	85051	54399	4.132	13	8
6400	72940	162816	7.014	11	25	59050	20855	2.372	9	3	86727	46277	3.959	13	7
6500	74227	165616	7.383	11	25	68876	20806	2.684	10	3	88003	55022	4.256	13	8
6600	75593	168416	7.258	11	25	61610	21544	2.484	9	3	89424	47764	4.077	13	7
6700	76813	171216	7.367	11	25	67990	21691	2.603	10	3	91628	52229	4.186	13	7
6800	78102	174016	7.29	11	25	65667	22173	2.551	9	3	98896	50723	4.298	14	7
6900	79414	176816	7.379	11	25	70108	22434	2.754	10	3	89914	51342	4.422	13	7
7000	80705	179616	8.116	11	25	72789	22652	3.057	10	3	91061	57618	4.877	13	8
7100	81999	182416	8.611	11	25	75695	23021	2.986	10	3	96665	58697	4.505	13	8
7200	83256	185216	8.966	11	25	74826	23358	3.233	10	3	99408	53592	4.636	13	7
7300	84496	188016	8.119	11	25	71748	24024	3.054	9	3	102462	62732	5.052	14	8
7400	85908	190816	8.257	11	25	74841	24295	2.956	10	3	100213	57709	4.715	13	7
7500	87103	193616	8.379	11	25	72353	24618	2.914	9	3	106257	63771	5.097	14	8
7600	88419	196416	8.686	11	25	80455	24930	3.18	10	3	104056	62510	5.194	13	8
7700	89765	199216	8.75	11	25	78352	25286	3.248	10	3	104655	63472	5.113	13	8
7800	90990	202016	8.676	11	25	91890	25377	3.437	11	3	109817	64078	5.124	14	8
7900	92290	204816	8.749	11	25	73567	26373	2.956	9	3	112115	60267	5.08	14	7
8000	93644	207616	8.88	11	25	77020	26530	3.049	9	3	108636	67031	5.195	13	8
8100	94903	210416	9.079	11	25	72649	27145	3.153	8	3	117218	64246	5.407	14	7
8200	96247	213232	9.294	11	26	88904	26921	3.427	10	3	111070	67122	5.563	13	8
8300	97624	216232	9.818	11	26	89036	27523	3.563	10	3	114962	66424	5.45	13	8
8400	98869	219232	9.458	11	26	82634	27916	3.29	9	3	115428	68210	5.452	13	8
8500	100336	222232	9.647	11	26	87358	28091	3.433	10	3	127086	69702	5.845	14	8
8600	101502	225232	9.73	11	26	92655	28521	3.604	10	3	130690	76011	6.141	15	8
8700	103019	228232	10.006	11	26	85927	29281	3.498	9	3	122356	65553	5.593	14	7
8800	104281	231232	10.008	11	26	84711	29690	3.411	9	3	122611	72818	5.997	13	8
8900	105787	234232	10.108	11	26	91873	29611	3.617	10	3	120955	72377	5.752	13	8
9000	107030	237232	10.387	11	26	92058	30177	3.811	10	3	132668	79300	6.663	14	8
9100	108299	240232	10.653	11	26	88340	30546	3.585	9	3	127152	81329	5.633	13	8
9200	109640	243232	9.659	11	26	100821	30759	3.626	10	3	133330	73613	5.657	14	8
9300	111041	246232	9.782	11	26	95586	31421	3.469	10	3	133828	76991	5.769	14	8
9400	112314	249232	9.927	11	26	103936	31381	3.704	11	3	133811	74501	5.688	14	7
9500	113681	252232	10.032	11	26	95709	32234	3.503	10	3	133163	74181	5.673	14	7
9600	115023	255232	10.142	11	26	103393	32017	3.888	10	3	133067	84019	6.329	13	8
9700	116373	258232	10.975	11	26	102365	32897	3.954	10	3	138162	74227	6.204	14	7
9800	117693	261232	11.113	12	26	97101	33369	3.797	9	3	141687	81508	6.544	14	8
9900	119274	264232	11.204	12	26	92539	33816	3.704	9	3	141548	85725	6.625	14	8
10000	120440	267232	11.294	12	26	100407	34003	3.922	10	3	140658	86780	6.642	14	8
